0
0
0
0
0
0
0
0
0
0
0
0
0
0
0
0
0
0
0
0
0
0
0
0
0
0
0
0
0
0
0
0
0
0
0
0
0
0
0
0
0
0
0
0
9
11
12
12
12
12
11
9
0
0
0
0
0
-9
-13
-16
-19
-21
-22
-22
-22
-20
-18
-14
-10
0
0
0
13
19
24
29
32
35
36
36
34
30
26
19
12
0
0
-15
-24
-33
-40
-46
-51
-53
-54
-52
-48
-41
-33
-22
-11
0
15
28
41
52
62
70
74
76
75
71
63
52
39
23
0
-12
-30
-48
-64
-79
-90
-99
-103
-103
-99
-91
-78
-61
-42
-20
0
29
53
76
96
113
126
135
137
135
126
112
92
68
41
10
-21
-53
-84
-112
-136
-156
-169
-176
-176
-168
-153
-131
-103
-70
-32
0
48
89
126
160
188
209
221
225
220
205
181
149
110
65
16
-35
-86
-135
-180
-218
-249
-270
-280
-279
-266
-241
-206
-161
-108
-50
13
77
139
197
249
291
323
342
347
338
315
277
228
167
98
23
-55
-132
-206
-274
-331
-377
-407
-422
-419
-399
-361
-308
-240
-161
-73
21
116
208
294
370
432
478
505
512
498
462
407
333
244
142
32
-82
-195
-303
-400
-483
-548
-592
-612
-607
-576
-521
-443
-345
-230
-102
32
168
301
423
531
620
684
722
730
709
657
577
471
344
199
43
-119
-278
-430
-567
-684
-774
-834
-861
-853
-809
-730
-619
-480
-319
-140
48
238
422
593
742
864
953
1004
1014
982
909
797
650
472
271
55
-167
-388
-596
-784
-943
-1066
-1148
-1183
-1170
-1108
-998
-845
-654
-432
-188
70
329
580
812
1014
1179
1298
1365
1377
1332
1232
1078
877
635
362
70
-231
-528
-809
-1062
-1275
-1439
-1547
-1592
-1573
-1487
-1338
-1131
-873
-574
-246
99
446
781
1090
1360
1578
1734
1822
1836
1775
1638
1431
1162
839
476
86
-314
-708
-1080
-1413
-1694
-1910
-2050
-2108
-2079
-1964
-1765
-1489
-1147
-751
-317
138
595
1035
1441
1794
2079
2282
2395
2411
2327
2145
1872
1516
1092
615
104
-419
-934
-1419
-1854
-2219
-2498
-2678
-2751
-2710
-2557
-2295
-1934
-1486
-969
-403
189
783
1354
1880
2336
2703
2965
3108
3125
3013
2775
2418
1955
1403
785
124
-553
-1218
-1844
-2403
-2871
-3229
-3458
-3548
-3493
-3291
-2951
-2482
-1903
-1236
-507
255
1019
1753
2426
3010
3479
3811
3991
4009
3862
3552
3091
2495
1786
991
144
-723
-1574
-2372
-3086
-3682
-4136
-4425
-4536
-4461
-4200
-3761
-3159
-2417
-1564
-632
341
1315
2250
3106
3848
4442
4862
5087
5105
4913
4515
3924
3161
2256
1244
165
-938
-2019
-3032
-3936
-4691
-5264
-5627
-5764
-5663
-5327
-4766
-3998
-3053
-1967
-783
452
1688
2873
3957
4895
5644
6172
6453
6472
6223
5713
4960
3989
2839
1554
186
-1212
-2580
-3863
-5006
-5959
-6680
-7136
-7303
-7171
-6740
-6024
-5047
-3847
-2469
-967
598
2163
3662
5034
6218
7164
7828
8179
8198
7878
7227
6267
5034
3573
1942
206
-1566
-3300
-4925
-6371
-7576
-8487
-9060
-9268
-9096
-8544
-7630
-6386
-4859
-3106
-1197
792
2780
4684
6425
7928
9127
9968
10411
10429
10017
9185
7959
6384
4520
2440
225
-2035
-4247
-6318
-8163
-9699
-10859
-11588
-11850
-11626
-10917
-9744
-8149
-6190
-3942
-1494
1057
3607
6051
8286
10215
11755
12834
13401
13423
12891
11816
10234
8201
5794
3106
243
-2680
-5543
-8226
-10616
-12608
-14114
-15062
-15403
-15112
-14190
-12664
-10586
-8032
-5098
-1900
1436
4775
7978
10910
13445
15472
16896
17647
17682
16986
15572
13487
10803
7619
4057
258
-3628
-7440
-11019
-14214
-16884
-18909
-20191
-20662
-20286
-19061
-17021
-14231
-10792
-6832
-2503
2023
6564
10932
14943
18424
21219
23197
24257
24335
23405
21482
18624
14924
10518
5569
270
-5169
-10528
-15581
-20114
-23925
-26840
-28713
-29442
-28966
-27273
-24401
-20436
-15513
-9809
-3538
3058
9715
16159
22120
27335
31568
34615
36313
36551
35274
32487
28256
22708
16031
8460
279
-8196
-16626
-24662
-31958
-38187
-43052
-46303
-47742
-47241
-44742
-40269
-33924
-25889
-16423
-5852
5438
17017
28423
39181
48817
56884
62970
66724
67869
66217
61679
54272
44129
31496
16728
285
-17281
-35341
-53203
-70138
-85401
-98251
-107982
-113940
-115556
-112360
-104000
-90262
-71080
-46543
-16895
17460
55972
97952
142594
188986
236145
283035
328597
371782
411578
447038
477311
501661
519495
530374
534030
530374
519495
501661
477311
447038
411578
371782
328597
283035
236145
188986
142594
97952
55972
17460
-16895
-46543
-71080
-90262
-104000
-112360
-115556
-113940
-107982
-98251
-85401
-70138
-53203
-35341
-17281
285
16728
31496
44129
54272
61679
66217
67869
66724
62970
56884
48817
39181
28423
17017
5438
-5852
-16423
-25889
-33924
-40269
-44742
-47241
-47742
-46303
-43052
-38187
-31958
-24662
-16626
-8196
279
8460
16031
22708
28256
32487
35274
36551
36313
34615
31568
27335
22120
16159
9715
3058
-3538
-9809
-15513
-20436
-24401
-27273
-28966
-29442
-28713
-26840
-23925
-20114
-15581
-10528
-5169
270
5569
10518
14924
18624
21482
23405
24335
24257
23197
21219
18424
14943
10932
6564
2023
-2503
-6832
-10792
-14231
-17021
-19061
-20286
-20662
-20191
-18909
-16884
-14214
-11019
-7440
-3628
258
4057
7619
10803
13487
15572
16986
17682
17647
16896
15472
13445
10910
7978
4775
1436
-1900
-5098
-8032
-10586
-12664
-14190
-15112
-15403
-15062
-14114
-12608
-10616
-8226
-5543
-2680
243
3106
5794
8201
10234
11816
12891
13423
13401
12834
11755
10215
8286
6051
3607
1057
-1494
-3942
-6190
-8149
-9744
-10917
-11626
-11850
-11588
-10859
-9699
-8163
-6318
-4247
-2035
225
2440
4520
6384
7959
9185
10017
10429
10411
9968
9127
7928
6425
4684
2780
792
-1197
-3106
-4859
-6386
-7630
-8544
-9096
-9268
-9060
-8487
-7576
-6371
-4925
-3300
-1566
206
1942
3573
5034
6267
7227
7878
8198
8179
7828
7164
6218
5034
3662
2163
598
-967
-2469
-3847
-5047
-6024
-6740
-7171
-7303
-7136
-6680
-5959
-5006
-3863
-2580
-1212
186
1554
2839
3989
4960
5713
6223
6472
6453
6172
5644
4895
3957
2873
1688
452
-783
-1967
-3053
-3998
-4766
-5327
-5663
-5764
-5627
-5264
-4691
-3936
-3032
-2019
-938
165
1244
2256
3161
3924
4515
4913
5105
5087
4862
4442
3848
3106
2250
1315
341
-632
-1564
-2417
-3159
-3761
-4200
-4461
-4536
-4425
-4136
-3682
-3086
-2372
-1574
-723
144
991
1786
2495
3091
3552
3862
4009
3991
3811
3479
3010
2426
1753
1019
255
-507
-1236
-1903
-2482
-2951
-3291
-3493
-3548
-3458
-3229
-2871
-2403
-1844
-1218
-553
124
785
1403
1955
2418
2775
3013
3125
3108
2965
2703
2336
1880
1354
783
189
-403
-969
-1486
-1934
-2295
-2557
-2710
-2751
-2678
-2498
-2219
-1854
-1419
-934
-419
104
615
1092
1516
1872
2145
2327
2411
2395
2282
2079
1794
1441
1035
595
138
-317
-751
-1147
-1489
-1765
-1964
-2079
-2108
-2050
-1910
-1694
-1413
-1080
-708
-314
86
476
839
1162
1431
1638
1775
1836
1822
1734
1578
1360
1090
781
446
99
-246
-574
-873
-1131
-1338
-1487
-1573
-1592
-1547
-1439
-1275
-1062
-809
-528
-231
70
362
635
877
1078
1232
1332
1377
1365
1298
1179
1014
812
580
329
70
-188
-432
-654
-845
-998
-1108
-1170
-1183
-1148
-1066
-943
-784
-596
-388
-167
55
271
472
650
797
909
982
1014
1004
953
864
742
593
422
238
48
-140
-319
-480
-619
-730
-809
-853
-861
-834
-774
-684
-567
-430
-278
-119
43
199
344
471
577
657
709
730
722
684
620
531
423
301
168
32
-102
-230
-345
-443
-521
-576
-607
-612
-592
-548
-483
-400
-303
-195
-82
32
142
244
333
407
462
498
512
505
478
432
370
294
208
116
21
-73
-161
-240
-308
-361
-399
-419
-422
-407
-377
-331
-274
-206
-132
-55
23
98
167
228
277
315
338
347
342
323
291
249
197
139
77
13
-50
-108
-161
-206
-241
-266
-279
-280
-270
-249
-218
-180
-135
-86
-35
16
65
110
149
181
205
220
225
221
209
188
160
126
89
48
0
-32
-70
-103
-131
-153
-168
-176
-176
-169
-156
-136
-112
-84
-53
-21
10
41
68
92
112
126
135
137
135
126
113
96
76
53
29
0
-20
-42
-61
-78
-91
-99
-103
-103
-99
-90
-79
-64
-48
-30
-12
0
23
39
52
63
71
75
76
74
70
62
52
41
28
15
0
-11
-22
-33
-41
-48
-52
-54
-53
-51
-46
-40
-33
-24
-15
0
0
12
19
26
30
34
36
36
35
32
29
24
19
13
0
0
0
-10
-14
-18
-20
-22
-22
-22
-21
-19
-16
-13
-9
0
0
0
0
0
9
11
12
12
12
12
11
9
0
0
0
0
0
0
0
0
0
0
0
0
0
0
0
0
0
0
0
0
0
0
0
0
0
0
0
0
0
0
0
0
0
0
0
0
0
0
0
0
0
0
0
0
