0
0
0
0
0
0
0
0
0
0
0
0
0
0
0
0
0
0
0
0
0
0
0
0
-22
-27
-31
-32
-30
-25
0
0
0
23
37
50
59
65
65
59
48
30
0
-17
-44
-69
-90
-106
-113
-112
-100
-78
-47
0
32
74
114
146
169
179
173
152
117
68
0
-53
-117
-174
-221
-251
-262
-251
-218
-163
-91
0
84
173
253
316
356
368
349
299
220
117
0
-126
-247
-354
-437
-487
-498
-467
-395
-285
-145
0
182
342
481
586
647
656
609
509
360
173
-37
-255
-461
-638
-769
-841
-845
-777
-641
-444
-200
72
349
610
831
991
1074
1071
976
795
539
226
-119
-468
-793
-1064
-1256
-1350
-1335
-1205
-969
-641
-246
185
619
1017
1345
1573
1678
1644
1472
1168
754
262
-272
-803
-1286
-1679
-1946
-2058
-2001
-1774
-1389
-873
-265
388
1031
1612
2077
2385
2503
2414
2120
1638
1001
257
-533
-1306
-1996
-2542
-2893
-3013
-2884
-2508
-1909
-1130
-230
720
1641
2454
3089
3485
3602
3421
2947
2210
1264
182
-949
-2038
-2990
-3721
-4164
-4271
-4024
-3431
-2533
-1394
-103
1236
2514
3620
4456
4945
5035
4706
3973
2885
1523
0
-1582
-3071
-4348
-5298
-5833
-5895
-5465
-4566
-3258
-1639
164
2005
3732
5197
6268
6846
6869
6317
5221
3658
1745
-367
-2508
-4500
-6170
-7371
-7989
-7956
-7257
-5932
-4075
-1826
638
3115
5400
7296
8634
9287
9181
8306
6713
4517
1885
-975
-3829
-6439
-8581
-10062
-10742
-10542
-9457
-7553
-4969
-1901
1405
4680
7650
10059
11690
12388
12070
10736
8472
5442
1881
-1929
-5675
-9042
-11741
-13528
-14232
-13765
-12138
-9456
-5917
-1795
2581
6853
10660
13673
15622
16316
15667
13694
10529
6408
1649
-3366
-8225
-12518
-15874
-17989
-18655
-17782
-15403
-11681
-6891
-1408
4329
9847
14680
18409
20694
21311
20165
17310
12940
7383
1074
-5481
-11741
-17176
-21313
-23774
-24313
-22838
-19421
-14299
-7857
-600
6888
13988
20098
24685
27327
27757
25882
21802
15802
8333
-18
-8578
-16637
-23512
-28600
-31430
-31710
-29352
-24485
-17450
-8780
846
10649
19817
27569
33221
36250
36332
33385
27576
19313
9220
-1910
-13175
-23641
-32414
-38717
-41958
-41784
-38116
-31166
-21422
-9621
3311
16327
28344
38332
45401
48880
48374
43813
35460
23901
10007
-5133
-20292
-34208
-45682
-53683
-57440
-56509
-50823
-40708
-26870
-10344
7576
25440
41757
55114
64301
68412
66932
59796
47405
30611
10660
-10895
-32313
-51802
-67665
-78444
-83048
-80858
-71794
-56345
-35546
-10918
15640
41991
65929
85351
98442
103828
100715
88974
69183
42611
11149
-22820
-56587
-87327
-112315
-129158
-136006
-131724
-116029
-89554
-53850
-11317
34943
81326
123982
159104
183227
193527
188074
166054
127899
75357
11452
-59635
-132788
-202236
-261912
-305842
-328547
-325433
-293140
-229833
-135394
-11521
138287
308858
493584
684759
873982
1052623
1212308
1345400
1445433
1507500
1528537
1507500
1445433
1345400
1212308
1052623
873982
684759
493584
308858
138287
-11521
-135394
-229833
-293140
-325433
-328547
-305842
-261912
-202236
-132788
-59635
11452
75357
127899
166054
188074
193527
183227
159104
123982
81326
34943
-11317
-53850
-89554
-116029
-131724
-136006
-129158
-112315
-87327
-56587
-22820
11149
42611
69183
88974
100715
103828
98442
85351
65929
41991
15640
-10918
-35546
-56345
-71794
-80858
-83048
-78444
-67665
-51802
-32313
-10895
10660
30611
47405
59796
66932
68412
64301
55114
41757
25440
7576
-10344
-26870
-40708
-50823
-56509
-57440
-53683
-45682
-34208
-20292
-5133
10007
23901
35460
43813
48374
48880
45401
38332
28344
16327
3311
-9621
-21422
-31166
-38116
-41784
-41958
-38717
-32414
-23641
-13175
-1910
9220
19313
27576
33385
36332
36250
33221
27569
19817
10649
846
-8780
-17450
-24485
-29352
-31710
-31430
-28600
-23512
-16637
-8578
-18
8333
15802
21802
25882
27757
27327
24685
20098
13988
6888
-600
-7857
-14299
-19421
-22838
-24313
-23774
-21313
-17176
-11741
-5481
1074
7383
12940
17310
20165
21311
20694
18409
14680
9847
4329
-1408
-6891
-11681
-15403
-17782
-18655
-17989
-15874
-12518
-8225
-3366
1649
6408
10529
13694
15667
16316
15622
13673
10660
6853
2581
-1795
-5917
-9456
-12138
-13765
-14232
-13528
-11741
-9042
-5675
-1929
1881
5442
8472
10736
12070
12388
11690
10059
7650
4680
1405
-1901
-4969
-7553
-9457
-10542
-10742
-10062
-8581
-6439
-3829
-975
1885
4517
6713
8306
9181
9287
8634
7296
5400
3115
638
-1826
-4075
-5932
-7257
-7956
-7989
-7371
-6170
-4500
-2508
-367
1745
3658
5221
6317
6869
6846
6268
5197
3732
2005
164
-1639
-3258
-4566
-5465
-5895
-5833
-5298
-4348
-3071
-1582
0
1523
2885
3973
4706
5035
4945
4456
3620
2514
1236
-103
-1394
-2533
-3431
-4024
-4271
-4164
-3721
-2990
-2038
-949
182
1264
2210
2947
3421
3602
3485
3089
2454
1641
720
-230
-1130
-1909
-2508
-2884
-3013
-2893
-2542
-1996
-1306
-533
257
1001
1638
2120
2414
2503
2385
2077
1612
1031
388
-265
-873
-1389
-1774
-2001
-2058
-1946
-1679
-1286
-803
-272
262
754
1168
1472
1644
1678
1573
1345
1017
619
185
-246
-641
-969
-1205
-1335
-1350
-1256
-1064
-793
-468
-119
226
539
795
976
1071
1074
991
831
610
349
72
-200
-444
-641
-777
-845
-841
-769
-638
-461
-255
-37
173
360
509
609
656
647
586
481
342
182
0
-145
-285
-395
-467
-498
-487
-437
-354
-247
-126
0
117
220
299
349
368
356
316
253
173
84
0
-91
-163
-218
-251
-262
-251
-221
-174
-117
-53
0
68
117
152
173
179
169
146
114
74
32
0
-47
-78
-100
-112
-113
-106
-90
-69
-44
-17
0
30
48
59
65
65
59
50
37
23
0
0
0
-25
-30
-32
-31
-27
-22
0
0
0
0
0
0
0
0
0
0
0
0
0
0
0
0
0
0
0
0
0
0
0
0
