0
8995299
17990243
26984477
35977646
44969394
53959367
62947210
71932567
80915085
89894409
98870183
107842055
116809669
125772672
134730709
143683427
152630473
161571494
170506135
179434046
188354873
197268264
206173867
215071330
223960303
232840435
241711374
250572771
259424276
268265539
277096211
285915944
294724390
303521201
312306029
321078527
329838350
338585152
347318587
356038310
364743978
373435246
382111771
390773212
399419225
408049470
416663606
425261292
433842190
442405961
450952266
459480769
467991132
476483019
484956096
493410027
501844480
510259120
518653617
527027638
535380852
543712931
552023545
560312366
568579067
576823321
585044803
593243189
601418155
609569377
617696535
625799307
633877374
641930416
649958116
657960157
665936222
673885998
681809169
689705424
697574451
705415939
713229578
721015060
728772077
736500324
744199495
751869286
759509395
767119520
774699360
782248616
789766991
797254186
804709908
812133861
819525752
826885290
834212184
841506145
848766884
855994116
863187554
870346915
877471916
884562277
891617716
898637956
905622719
912571729
919484713
926361397
933201510
940004782
946770944
953499729
960190872
966844108
973459174
980035810
986573756
993072754
999532547
1005952880
1012333499
1018674154
1024974593
1031234568
1037453831
1043632138
1049769243
1055864906
1061918885
1067930941
1073900837
1079828337
1085713208
1091555216
1097354132
1103109726
1108821771
1114490042
1120114314
1125694367
1131229978
1136720931
1142167008
1147567995
1152923677
1158233844
1163498285
1168716794
1173889164
1179015191
1184094672
1189127407
1194113198
1199051847
1203943159
1208786942
1213583004
1218331156
1223031210
1227682981
1232286285
1236840941
1241346768
1245803589
1250211228
1254569510
1258878265
1263137321
1267346510
1271505667
1275614627
1279673228
1283681309
1287638713
1291545284
1295400866
1299205308
1302958459
1306660173
1310310301
1313908701
1317455229
1320949747
1324392116
1327782200
1331119866
1334404981
1337637417
1340817044
1343943739
1347017377
1350037837
1353005000
1355918748
1358778967
1361585544
1364338368
1367037330
1369682324
1372273245
1374809991
1377292462
1379720560
1382094188
1384413255
1386677666
1388887334
1391042172
1393142093
1395187015
1397176858
1399111543
1400990993
1402815134
1404583895
1406297205
1407954997
1409557205
1411103767
1412594620
1414029707
1415408970
1416732355
1417999810
1419211285
1420366732
1421466105
1422509361
1423496459
1424427359
1425302026
1426120424
1426882521
1427588288
1428237696
1428830719
1429367335
1429847521
1430271260
1430638534
1430949329
1431203633
1431401435
1431542727
1431627505
1431655765
1431627505
1431542727
1431401435
1431203633
1430949329
1430638534
1430271260
1429847521
1429367335
1428830719
1428237696
1427588288
1426882521
1426120424
1425302026
1424427359
1423496459
1422509361
1421466105
1420366732
1419211285
1417999810
1416732355
1415408970
1414029707
1412594620
1411103767
1409557205
1407954997
1406297205
1404583895
1402815134
1400990993
1399111543
1397176858
1395187015
1393142093
1391042172
1388887334
1386677666
1384413255
1382094188
1379720560
1377292462
1374809991
1372273245
1369682324
1367037330
1364338368
1361585544
1358778967
1355918748
1353005000
1350037837
1347017377
1343943739
1340817044
1337637417
1334404981
1331119866
1327782200
1324392116
1320949747
1317455229
1313908701
1310310301
1306660173
1302958459
1299205308
1295400866
1291545284
1287638713
1283681309
1279673228
1275614627
1271505667
1267346510
1263137321
1258878265
1254569510
1250211228
1245803589
1241346768
1236840941
1232286285
1227682981
1223031210
1218331156
1213583004
1208786942
1203943159
1199051847
1194113198
1189127407
1184094672
1179015191
1173889164
1168716794
1163498285
1158233844
1152923677
1147567995
1142167008
1136720931
1131229978
1125694367
1120114314
1114490042
1108821771
1103109726
1097354132
1091555216
1085713208
1079828337
1073900837
1067930941
1061918885
1055864906
1049769243
1043632138
1037453831
1031234568
1024974593
1018674154
1012333499
1005952880
999532547
993072754
986573756
980035810
973459174
966844108
960190872
953499729
946770944
940004782
933201510
926361397
919484713
912571729
905622719
898637956
891617716
884562277
877471916
870346915
863187554
855994116
848766884
841506145
834212184
826885290
819525752
812133861
804709908
797254186
789766991
782248616
774699360
767119520
759509395
751869286
744199495
736500324
728772077
721015060
713229578
705415939
697574451
689705424
681809169
673885998
665936222
657960157
649958116
641930416
633877374
625799307
617696535
609569377
601418155
593243189
585044803
576823321
568579067
560312366
552023545
543712931
535380852
527027638
518653617
510259120
501844480
493410027
484956096
476483019
467991132
459480769
450952266
442405961
433842190
425261292
416663606
408049470
399419225
390773212
382111771
373435246
364743978
356038310
347318587
338585152
329838350
321078527
312306029
303521201
294724390
285915944
277096211
268265539
259424276
250572771
241711374
232840435
223960303
215071330
206173867
197268264
188354873
179434046
170506135
161571494
152630473
143683427
134730709
125772672
116809669
107842055
98870183
89894409
80915085
71932567
62947210
53959367
44969394
35977646
26984477
17990243
8995299
0
-8995299
-17990243
-26984477
-35977646
-44969394
-53959367
-62947210
-71932567
-80915085
-89894409
-98870183
-107842055
-116809669
-125772672
-134730709
-143683427
-152630473
-161571494
-170506135
-179434046
-188354873
-197268264
-206173867
-215071330
-223960303
-232840435
-241711374
-250572771
-259424276
-268265539
-277096211
-285915944
-294724390
-303521201
-312306029
-321078527
-329838350
-338585152
-347318587
-356038310
-364743978
-373435246
-382111771
-390773212
-399419225
-408049470
-416663606
-425261292
-433842190
-442405961
-450952266
-459480769
-467991132
-476483019
-484956096
-493410027
-501844480
-510259120
-518653617
-527027638
-535380852
-543712931
-552023545
-560312366
-568579067
-576823321
-585044803
-593243189
-601418155
-609569377
-617696535
-625799307
-633877374
-641930416
-649958116
-657960157
-665936222
-673885998
-681809169
-689705424
-697574451
-705415939
-713229578
-721015060
-728772077
-736500324
-744199495
-751869286
-759509395
-767119520
-774699360
-782248616
-789766991
-797254186
-804709908
-812133861
-819525752
-826885290
-834212184
-841506145
-848766884
-855994116
-863187554
-870346915
-877471916
-884562277
-891617716
-898637956
-905622719
-912571729
-919484713
-926361397
-933201510
-940004782
-946770944
-953499729
-960190872
-966844108
-973459174
-980035810
-986573756
-993072754
-999532547
-1005952880
-1012333499
-1018674154
-1024974593
-1031234568
-1037453831
-1043632138
-1049769243
-1055864906
-1061918885
-1067930941
-1073900837
-1079828337
-1085713208
-1091555216
-1097354132
-1103109726
-1108821771
-1114490042
-1120114314
-1125694367
-1131229978
-1136720931
-1142167008
-1147567995
-1152923677
-1158233844
-1163498285
-1168716794
-1173889164
-1179015191
-1184094672
-1189127407
-1194113198
-1199051847
-1203943159
-1208786942
-1213583004
-1218331156
-1223031210
-1227682981
-1232286285
-1236840941
-1241346768
-1245803589
-1250211228
-1254569510
-1258878265
-1263137321
-1267346510
-1271505667
-1275614627
-1279673228
-1283681309
-1287638713
-1291545284
-1295400866
-1299205308
-1302958459
-1306660173
-1310310301
-1313908701
-1317455229
-1320949747
-1324392116
-1327782200
-1331119866
-1334404981
-1337637417
-1340817044
-1343943739
-1347017377
-1350037837
-1353005000
-1355918748
-1358778967
-1361585544
-1364338368
-1367037330
-1369682324
-1372273245
-1374809991
-1377292462
-1379720560
-1382094188
-1384413255
-1386677666
-1388887334
-1391042172
-1393142093
-1395187015
-1397176858
-1399111543
-1400990993
-1402815134
-1404583895
-1406297205
-1407954997
-1409557205
-1411103767
-1412594620
-1414029707
-1415408970
-1416732355
-1417999810
-1419211285
-1420366732
-1421466105
-1422509361
-1423496459
-1424427359
-1425302026
-1426120424
-1426882521
-1427588288
-1428237696
-1428830719
-1429367335
-1429847521
-1430271260
-1430638534
-1430949329
-1431203633
-1431401435
-1431542727
-1431627505
-1431655765
-1431627505
-1431542727
-1431401435
-1431203633
-1430949329
-1430638534
-1430271260
-1429847521
-1429367335
-1428830719
-1428237696
-1427588288
-1426882521
-1426120424
-1425302026
-1424427359
-1423496459
-1422509361
-1421466105
-1420366732
-1419211285
-1417999810
-1416732355
-1415408970
-1414029707
-1412594620
-1411103767
-1409557205
-1407954997
-1406297205
-1404583895
-1402815134
-1400990993
-1399111543
-1397176858
-1395187015
-1393142093
-1391042172
-1388887334
-1386677666
-1384413255
-1382094188
-1379720560
-1377292462
-1374809991
-1372273245
-1369682324
-1367037330
-1364338368
-1361585544
-1358778967
-1355918748
-1353005000
-1350037837
-1347017377
-1343943739
-1340817044
-1337637417
-1334404981
-1331119866
-1327782200
-1324392116
-1320949747
-1317455229
-1313908701
-1310310301
-1306660173
-1302958459
-1299205308
-1295400866
-1291545284
-1287638713
-1283681309
-1279673228
-1275614627
-1271505667
-1267346510
-1263137321
-1258878265
-1254569510
-1250211228
-1245803589
-1241346768
-1236840941
-1232286285
-1227682981
-1223031210
-1218331156
-1213583004
-1208786942
-1203943159
-1199051847
-1194113198
-1189127407
-1184094672
-1179015191
-1173889164
-1168716794
-1163498285
-1158233844
-1152923677
-1147567995
-1142167008
-1136720931
-1131229978
-1125694367
-1120114314
-1114490042
-1108821771
-1103109726
-1097354132
-1091555216
-1085713208
-1079828337
-1073900837
-1067930941
-1061918885
-1055864906
-1049769243
-1043632138
-1037453831
-1031234568
-1024974593
-1018674154
-1012333499
-1005952880
-999532547
-993072754
-986573756
-980035810
-973459174
-966844108
-960190872
-953499729
-946770944
-940004782
-933201510
-926361397
-919484713
-912571729
-905622719
-898637956
-891617716
-884562277
-877471916
-870346915
-863187554
-855994116
-848766884
-841506145
-834212184
-826885290
-819525752
-812133861
-804709908
-797254186
-789766991
-782248616
-774699360
-767119520
-759509395
-751869286
-744199495
-736500324
-728772077
-721015060
-713229578
-705415939
-697574451
-689705424
-681809169
-673885998
-665936222
-657960157
-649958116
-641930416
-633877374
-625799307
-617696535
-609569377
-601418155
-593243189
-585044803
-576823321
-568579067
-560312366
-552023545
-543712931
-535380852
-527027638
-518653617
-510259120
-501844480
-493410027
-484956096
-476483019
-467991132
-459480769
-450952266
-442405961
-433842190
-425261292
-416663606
-408049470
-399419225
-390773212
-382111771
-373435246
-364743978
-356038310
-347318587
-338585152
-329838350
-321078527
-312306029
-303521201
-294724390
-285915944
-277096211
-268265539
-259424276
-250572771
-241711374
-232840435
-223960303
-215071330
-206173867
-197268264
-188354873
-179434046
-170506135
-161571494
-152630473
-143683427
-134730709
-125772672
-116809669
-107842055
-98870183
-89894409
-80915085
-71932567
-62947210
-53959367
-44969394
-35977646
-26984477
-17990243
-8995299
-108199664
27010023
-44198653
230713054
28743579
32055233
-5695294
-74036363
117043022
253952932
-8896906
130798708
-54748469
-121837296
245653848
-14760327
376651956
118493715
205952701
-103461522
462206228
329411511
197797384
488900720
23952128
323901036
183610827
95011442
511020193
-7044581
-7810229
407759052
205915000
534817227
298395452
110302436
188775980
207573476
348501977
107378181
405903873
501813397
193897568
472390390
157589772
356195578
208747483
466798179
624158141
246175690
465680189
439517507
535660200
310736962
477165007
759416984
375674528
309318862
768228286
464161429
266502863
777299260
275260899
416434067
717529341
351077081
307653780
418041682
386685467
470232850
335032612
773831495
771630964
823572958
525539899
629302139
438986711
639967712
808769724
756383604
967900931
564623031
759877888
902268226
900222125
707556549
960174948
638533120
751567796
477672502
718706775
850615373
584328532
971129030
900103553
677346110
975253970
701925504
838740460
1009314951
1030957061
1004830813
1092086445
1026442275
723857893
1153332584
907028581
897915311
827212221
839180252
649928602
893028189
797229818
1143705162
902837294
1231465248
749052482
701695317
746801051
769949516
1021663149
800339833
715491446
1011345583
1238334364
966431755
1273215895
837260122
1038219146
852415531
1263708568
987283625
789775735
1240927740
785607717
796880041
1187835230
929566323
1095185728
1073173388
1101968328
1098189408
1340475138
1393118881
1401657130
1242496139
1013559939
1203658217
937918073
1095881367
1054346097
1143059483
1302161841
1205421726
1362575393
945040057
1442781174
1150064879
1467993495
1414480224
1427829674
1301865857
1364935208
1334517475
1141969512
1491263966
1388249685
1063071242
1055991095
1467255894
1466546849
1111674320
1362975371
1265884390
1136203664
1497564056
1412872558
1430856537
1190100966
1410473580
1163082418
1442421382
1187369226
1380211831
1441863508
1158121058
1179633698
1054087957
1074657074
1072526828
1093745203
1544908649
1504645230
1395698206
1081018907
1388451475
1335804073
1297313053
1284880955
1344702969
1327210402
1601185699
1081046969
1365207794
1605840350
1281334017
1325628740
1570701839
1552459632
1272821334
1327016754
1523608269
1290935517
1323615038
1522663318
1167075309
1224358213
1674871875
1609205736
1304340678
1466418742
1623138614
1171119442
1452501664
1424332774
1661671062
1541098989
1186562633
1508146113
1353904978
1192420816
1350458092
1371936745
1489604695
1615423841
1239399365
1441018719
1702526343
1305008659
1633664620
1505431855
1161715601
1648566169
1566226025
1685389589
1202597354
1483361484
1398754840
1285970088
1181272110
1286382191
1673285711
1187859576
1621689673
1569319247
1626838589
1373393857
1707900917
1660962306
1663983122
1365413533
1568298283
1632824535
1623010276
1639643791
1407011385
1704445624
1431411740
1673845992
1514879415
1241061367
1186150309
1518149143
1435040263
1667006193
1609447739
1387706332
1126612318
1664760028
1460351769
1313469187
1248355049
1332155248
1595974955
1133653801
1425110228
1449707292
1571106658
1520632440
1127273126
1181513069
1558217151
1298252166
1552978397
1121807863
1463784106
1355422401
1252677379
1160473798
1156761257
1446346881
1236788501
1440781997
1461918152
1275997965
1632432832
1574611696
1611916622
1593359624
1291348020
1521917298
1231896684
1248169018
1591351005
1054583408
1272013836
1164039596
1523256431
1570471316
1556470875
1539033433
1117588107
1559666495
1328878339
1348636057
1261528752
1372591950
1009423950
1513601081
1347568090
1327462486
1245829714
1248739630
1014284813
1291670383
955409094
1214792805
1042024948
1488118073
1402435357
1254697910
1030356761
1208960704
945705092
915109093
938143912
1237638292
1397635276
897210236
1277767337
1007738365
1083541867
1416038049
1090818735
1275691359
921213835
892702246
1194911852
1189474294
1160685876
1142491025
1083686598
996731641
1084163474
920052247
1149416055
1208342682
826698005
1111938948
1107859680
836236768
805676444
843952068
810860017
1270817834
1186806434
940635682
904113292
1273839831
750198543
1217441706
1239970001
891711123
922892147
688906666
1152065709
1018886738
1108677379
757309911
1032838651
812396773
791093778
1156817021
1152467255
1055751026
849809527
655126736
1053716719
713583817
714263890
1111321709
1108438713
753560184
1056294871
532698347
936657881
760039164
745802757
949749998
847458395
1021269351
787715285
772339356
457903940
841274565
717354453
686474192
712957732
426405475
969947717
898382952
698869361
677972904
397963417
908621309
762291883
690073186
457761584
436720571
635412096
671120806
417468076
600631848
850302650
318266976
629504119
805056957
394125291
650668769
341437839
769855746
312220488
513021958
656205273
630446056
225720374
695653205
736046507
614710553
684116456
691791886
662999475
512993820
423281951
323607939
169896574
607883908
153060456
600308146
365487676
183365339
111730604
507530913
576803961
95098935
68734561
377534701
377346654
350677367
422605316
523266234
186980354
59619481
469080751
382421689
357425408
492017185
-41088800
98521468
335524584
84669700
84102064
444676047
333642384
12539149
376383781
298036280
-84631602
-122386340
-182104762
62920649
230916674
40334130
-35674673
158557996
61282944
-171638590
262223718
71454039
218141856
-172540932
210643096
-25659561
-9629861
-201067629
-27349956
140703070
51078502
196872794
84602439
-56781607
28921
65570266
-336574629
-209140402
-260157237
-296937940
-127718067
-366318018
-292900885
-111964385
-132031996
-139226138
4198153
-331591084
-107503989
-132094805
-201768004
-368211871
-201891086
-200643916
-22301464
-531884101
-392703168
-403748870
-329842560
-86633163
-448175177
-538863789
-499845105
-342603812
-78979131
-620201671
-483772058
-600286878
-627589275
-658422343
-262830861
-245963078
-420896623
-238556455
-475759419
-665366904
-459532164
-369808666
-555382859
-606222886
-372458985
-443491058
-698374750
-470393297
-530711510
-824675230
-771651004
-306801203
-314052866
-763053051
-358071698
-667568251
-701317000
-393697622
-622588256
-492653714
-863913469
-735480433
-845572739
-522174794
-591812866
-614084460
-673904991
-835014443
-708926565
-593960926
-962279228
-850717155
-859622787
-640185363
-501344085
-789560107
-682391804
-519700601
-929798704
-668129533
-968502688
-864490218
-1010864831
-996027407
-557363653
-733818307
-1042751801
-945693132
-1036140304
-728084454
-720951617
-969471280
-650823888
-1119443083
-725036217
-677683292
-885796658
-793600580
-858238660
-1116095395
-720256263
-1212875403
-743248090
-1235367080
-737885459
-685347233
-760063391
-928875414
-1089598397
-1259507345
-879874297
-1056730210
-962273028
-965338256
-1012120150
-1109575248
-1063121964
-878395416
-1260247621
-945521251
-1032227460
-836233720
-1255118691
-1186045688
-995871878
-898810518
-1067534169
-1168998364
-1113753769
-1171571541
-1212353459
-1230399012
-1074897558
-1190353956
-1408089439
-1179038449
-990951786
-1041996586
-1321015994
-1251267190
-1175588966
-908957458
-1193822362
-1184856718
-1192789532
-960170551
-924904083
-1425445209
-1432966832
-1138634712
-1107507616
-1226445370
-1308259692
-1299401213
-1005612390
-1037094471
-1306623410
-1175751547
-1368042633
-1271946696
-1214305575
-1377732763
-1106254906
-1294125933
-1074130367
-1320583993
-1203310724
-1137711944
-1062477672
-1120100197
-1147108905
-1586334488
-1527292262
-1418613281
-1495860303
-1177280987
-1453739697
-1341361460
-1509535651
-1513182915
-1511094554
-1430710629
-1615523473
-1106378309
-1079041127
-1413167413
-1493315060
-1395449897
-1391964563
-1578264060
-1353112131
-1632465261
-1558678632
-1524398645
-1263326659
-1286400571
-1500941539
-1184121538
-1546295152
-1388314616
-1582512211
-1139850090
-1377759877
-1218284545
-1634056054
-1486343707
-1426892921
-1569088493
-1250973249
-1153223678
-1291481176
-1268164200
-1249767635
-1524050058
-1456243897
-1323457572
-1295911040
-1625441195
-1520993439
-1601897636
-1578131347
-1248617689
-1374276093
-1165872263
-1187676638
-1172681772
-1415687319
-1366610402
-1550600954
-1245847567
-1369944624
-1182828851
-1709664885
-1634733528
-1516787148
-1458109898
-1650041289
-1482780264
-1538960128
-1278650812
-1403824763
-1467902585
-1589697655
-1157310846
-1576903415
-1349677819
-1523514994
-1400543297
-1344624392
-1249918561
-1306836039
-1393066864
-1536167575
-1406535701
-1512886514
-1257499978
-1632026891
-1591437147
-1252272162
-1475833764
-1344611316
-1373700542
-1631994163
-1195125008
-1483983037
-1666027776
-1203671126
-1200566403
-1150053340
-1361573818
-1183121253
-1163969173
-1494547706
-1273407888
-1666464188
-1176228633
-1111773210
-1165308584
-1353494879
-1447760869
-1326601452
-1190247881
-1320775384
-1540741002
-1256777119
-1469836622
-1114356983
-1230137594
-1426874523
-1573665379
-1223659028
-1367673937
-1438090185
-1504801952
-1091135369
-1243238978
-1173260978
-1475336334
-1268896780
-1500491229
-1178089725
-1289705473
-1408042625
-1136475037
-1183127026
-1235659847
-1178565417
-1381074397
-1327378087
-1004518437
-1128432966
-1531135903
-1333607502
-1366975967
-1550213976
-1484598513
-1309255221
-1331102401
-1042458256
-1112825319
-1363601431
-1126929277
-1485648253
-1068496538
-1038568359
-1022998202
-1102477598
-1304364455
-1048752373
-985230041
-1210063133
-1415926984
-998668006
-989213623
-1416040554
-1140207605
-1378832488
-1017990933
-1339891185
-1131839327
-1261643947
-1127981880
-1246541000
-897970237
-1151835827
-864546618
-1195153660
-830330791
-1239174064
-1200438702
-1209056822
-830415817
-1008452330
-1011875716
-1272246622
-1194408555
-1235490819
-856455823
-1107154244
-1241262676
-1017624674
-1019941746
-1106033445
-1152598271
-1004181524
-1226312952
-1175152543
-842409712
-687216646
-1038689088
-786818866
-1055687201
-675294781
-1186127972
-1175945784
-1067598113
-968059481
-798355201
-1083381056
-704504855
-686124758
-732317833
-823910169
-967868220
-804529216
-992178824
-988708692
-834334330
-641853946
-850704787
-850623392
-958081319
-684823085
-946834586
-524521401
-1056499903
-897704818
-575963234
-1024645380
-898859224
-876458659
-649316443
-462941916
-858406231
-775826730
-956533664
-456041380
-761620796
-787209535
-739268957
-788443784
-384879370
-930873686
-872485644
-791863928
-527983272
-594565289
-804548026
-725358129
-443806391
-627856468
-434410403
-739736564
-412928872
-417014716
-755924830
-722407634
-463241822
-595867384
-633129986
-564618637
-639984743
-747220327
-751085007
-343285208
-428594052
-216943300
-365414783
-700926591
-426161196
-279376679
-148869737
-185686958
-659430586
-572658436
-407670623
-240189356
-272525594
-291112391
-412838495
-346161001
-586885587
-103394542
-287235979
-338587272
-59878179
-545313348
-132860750
-403538890
-412798711
-415834399
-200230859
-265689576
-195049978
-167194363
31281649
-23928163
-225952541
-117360133
61447574
-15005679
-311606927
-201574110
-244133731
-292402718
-170206346
-225856797
183320351
-347307833
-193500149
169156060
-118940002
-6740157
37801844
107403893
144150321
-157114018
-2426800
