0
4497671
8995299
13492837
17990243
22487471
26984477
31481217
35977646
40473719
44969394
49464624
53959367
58453577
62947210
67440221
71932567
76424203
80915085
85405168
89894409
94382762
98870183
103356629
107842055
112326416
116809669
121291769
125772672
130252333
134730709
139207755
143683427
148157681
152630473
157101759
161571494
166039634
170506135
174970954
179434046
183895367
188354873
192812520
197268264
201722061
206173867
210623638
215071330
219516900
223960303
228401496
232840435
237277075
241711374
246143287
250572771
254999782
259424276
263846209
268265539
272682221
277096211
281507467
285915944
290321600
294724390
299124272
303521201
307915134
312306029
316693841
321078527
325460045
329838350
334213401
338585152
342953562
347318587
351680184
356038310
360392922
364743978
369091433
373435246
377775373
382111771
386444398
390773212
395098168
399419225
403736340
408049470
412358573
416663606
420964526
425261292
429553861
433842190
438126238
442405961
446681318
450952266
455218764
459480769
463738239
467991132
472239406
476483019
480721930
484956096
489185476
493410027
497629709
501844480
506054297
510259120
514458907
518653617
522843207
527027638
531206866
535380852
539549554
543712931
547870942
552023545
556170700
560312366
564448502
568579067
572704020
576823321
580936929
585044803
589146904
593243189
597333619
601418155
605496754
609569377
613635984
617696535
621750989
625799307
629841448
633877374
637907043
641930416
645947453
649958116
653962363
657960157
661951456
665936222
669914416
673885998
677850929
681809169
685760681
689705424
693643361
697574451
701498657
705415939
709326259
713229578
717125858
721015060
724897146
728772077
732639816
736500324
740353563
744199495
748038082
751869286
755693070
759509395
763318224
767119520
770913244
774699360
778477830
782248616
786011682
789766991
793514504
797254186
800986000
804709908
808425874
812133861
815833833
819525752
823209584
826885290
830552836
834212184
837863299
841506145
845140685
848766884
852384706
855994116
859595077
863187554
866771512
870346915
873913728
877471916
881021444
884562277
888094379
891617716
895132253
898637956
902134789
905622719
909101710
912571729
916032742
919484713
922927610
926361397
929786042
933201510
936607768
940004782
943392519
946770944
950140025
953499729
956850022
960190872
963522245
966844108
970156429
973459174
976752312
980035810
983309636
986573756
989828140
993072754
996307567
999532547
1002747662
1005952880
1009148170
1012333499
1015508838
1018674154
1021829416
1024974593
1028109654
1031234568
1034349304
1037453831
1040548119
1043632138
1046705856
1049769243
1052822270
1055864906
1058897121
1061918885
1064930168
1067930941
1070921174
1073900837
1076869901
1079828337
1082776116
1085713208
1088639584
1091555216
1094460075
1097354132
1100237358
1103109726
1105971206
1108821771
1111661392
1114490042
1117307692
1120114314
1122909882
1125694367
1128467741
1131229978
1133981051
1136720931
1139449593
1142167008
1144873151
1147567995
1150251512
1152923677
1155584463
1158233844
1160871793
1163498285
1166113294
1168716794
1171308759
1173889164
1176457983
1179015191
1181560762
1184094672
1186616895
1189127407
1191626183
1194113198
1196588427
1199051847
1201503432
1203943159
1206371004
1208786942
1211190950
1213583004
1215963080
1218331156
1220687207
1223031210
1225363142
1227682981
1229990703
1232286285
1234569705
1236840941
1239099969
1241346768
1243581315
1245803589
1248013567
1250211228
1252396549
1254569510
1256730089
1258878265
1261014015
1263137321
1265248159
1267346510
1269432353
1271505667
1273566432
1275614627
1277650232
1279673228
1281683593
1283681309
1285666356
1287638713
1289598362
1291545284
1293479458
1295400866
1297309489
1299205308
1301088304
1302958459
1304815755
1306660173
1308491694
1310310301
1312115976
1313908701
1315688458
1317455229
1319208998
1320949747
1322677459
1324392116
1326093702
1327782200
1329457594
1331119866
1332769001
1334404981
1336027792
1337637417
1339233839
1340817044
1342387016
1343943739
1345487198
1347017377
1348534262
1350037837
1351528088
1353005000
1354468558
1355918748
1357355556
1358778967
1360188968
1361585544
1362968682
1364338368
1365694588
1367037330
1368366580
1369682324
1370984550
1372273245
1373548396
1374809991
1376058017
1377292462
1378513314
1379720560
1380914189
1382094188
1383260548
1384413255
1385552298
1386677666
1387789349
1388887334
1389971612
1391042172
1392099002
1393142093
1394171434
1395187015
1396188827
1397176858
1398151100
1399111543
1400058177
1400990993
1401909982
1402815134
1403706442
1404583895
1405447486
1406297205
1407133045
1407954997
1408763053
1409557205
1410337446
1411103767
1411856161
1412594620
1413319138
1414029707
1414726320
1415408970
1416077650
1416732355
1417373077
1417999810
1418612548
1419211285
1419796015
1420366732
1420923430
1421466105
1421994750
1422509361
1423009932
1423496459
1423968936
1424427359
1424871724
1425302026
1425718261
1426120424
1426508512
1426882521
1427242448
1427588288
1427920038
1428237696
1428541257
1428830719
1429106079
1429367335
1429614483
1429847521
1430066448
1430271260
1430461956
1430638534
1430800992
1430949329
1431083543
1431203633
1431309597
1431401435
1431479145
1431542727
1431592181
1431627505
1431648700
1431655765
1431648700
1431627505
1431592181
1431542727
1431479145
1431401435
1431309597
1431203633
1431083543
1430949329
1430800992
1430638534
1430461956
1430271260
1430066448
1429847521
1429614483
1429367335
1429106079
1428830719
1428541257
1428237696
1427920038
1427588288
1427242448
1426882521
1426508512
1426120424
1425718261
1425302026
1424871724
1424427359
1423968936
1423496459
1423009932
1422509361
1421994750
1421466105
1420923430
1420366732
1419796015
1419211285
1418612548
1417999810
1417373077
1416732355
1416077650
1415408970
1414726320
1414029707
1413319138
1412594620
1411856161
1411103767
1410337446
1409557205
1408763053
1407954997
1407133045
1406297205
1405447486
1404583895
1403706442
1402815134
1401909982
1400990993
1400058177
1399111543
1398151100
1397176858
1396188827
1395187015
1394171434
1393142093
1392099002
1391042172
1389971612
1388887334
1387789349
1386677666
1385552298
1384413255
1383260548
1382094188
1380914189
1379720560
1378513314
1377292462
1376058017
1374809991
1373548396
1372273245
1370984550
1369682324
1368366580
1367037330
1365694588
1364338368
1362968682
1361585544
1360188968
1358778967
1357355556
1355918748
1354468558
1353005000
1351528088
1350037837
1348534262
1347017377
1345487198
1343943739
1342387016
1340817044
1339233839
1337637417
1336027792
1334404981
1332769001
1331119866
1329457594
1327782200
1326093702
1324392116
1322677459
1320949747
1319208998
1317455229
1315688458
1313908701
1312115976
1310310301
1308491694
1306660173
1304815755
1302958459
1301088304
1299205308
1297309489
1295400866
1293479458
1291545284
1289598362
1287638713
1285666356
1283681309
1281683593
1279673228
1277650232
1275614627
1273566432
1271505667
1269432353
1267346510
1265248159
1263137321
1261014015
1258878265
1256730089
1254569510
1252396549
1250211228
1248013567
1245803589
1243581315
1241346768
1239099969
1236840941
1234569705
1232286285
1229990703
1227682981
1225363142
1223031210
1220687207
1218331156
1215963080
1213583004
1211190950
1208786942
1206371004
1203943159
1201503432
1199051847
1196588427
1194113198
1191626183
1189127407
1186616895
1184094672
1181560762
1179015191
1176457983
1173889164
1171308759
1168716794
1166113294
1163498285
1160871793
1158233844
1155584463
1152923677
1150251512
1147567995
1144873151
1142167008
1139449593
1136720931
1133981051
1131229978
1128467741
1125694367
1122909882
1120114314
1117307692
1114490042
1111661392
1108821771
1105971206
1103109726
1100237358
1097354132
1094460075
1091555216
1088639584
1085713208
1082776116
1079828337
1076869901
1073900837
1070921174
1067930941
1064930168
1061918885
1058897121
1055864906
1052822270
1049769243
1046705856
1043632138
1040548119
1037453831
1034349304
1031234568
1028109654
1024974593
1021829416
1018674154
1015508838
1012333499
1009148170
1005952880
1002747662
999532547
996307567
993072754
989828140
986573756
983309636
980035810
976752312
973459174
970156429
966844108
963522245
960190872
956850022
953499729
950140025
946770944
943392519
940004782
936607768
933201510
929786042
926361397
922927610
919484713
916032742
912571729
909101710
905622719
902134789
898637956
895132253
891617716
888094379
884562277
881021444
877471916
873913728
870346915
866771512
863187554
859595077
855994116
852384706
848766884
845140685
841506145
837863299
834212184
830552836
826885290
823209584
819525752
815833833
812133861
808425874
804709908
800986000
797254186
793514504
789766991
786011682
782248616
778477830
774699360
770913244
767119520
763318224
759509395
755693070
751869286
748038082
744199495
740353563
736500324
732639816
728772077
724897146
721015060
717125858
713229578
709326259
705415939
701498657
697574451
693643361
689705424
685760681
681809169
677850929
673885998
669914416
665936222
661951456
657960157
653962363
649958116
645947453
641930416
637907043
633877374
629841448
625799307
621750989
617696535
613635984
609569377
605496754
601418155
597333619
593243189
589146904
585044803
580936929
576823321
572704020
568579067
564448502
560312366
556170700
552023545
547870942
543712931
539549554
535380852
531206866
527027638
522843207
518653617
514458907
510259120
506054297
501844480
497629709
493410027
489185476
484956096
480721930
476483019
472239406
467991132
463738239
459480769
455218764
450952266
446681318
442405961
438126238
433842190
429553861
425261292
420964526
416663606
412358573
408049470
403736340
399419225
395098168
390773212
386444398
382111771
377775373
373435246
369091433
364743978
360392922
356038310
351680184
347318587
342953562
338585152
334213401
329838350
325460045
321078527
316693841
312306029
307915134
303521201
299124272
294724390
290321600
285915944
281507467
277096211
272682221
268265539
263846209
259424276
254999782
250572771
246143287
241711374
237277075
232840435
228401496
223960303
219516900
215071330
210623638
206173867
201722061
197268264
192812520
188354873
183895367
179434046
174970954
170506135
166039634
161571494
157101759
152630473
148157681
143683427
139207755
134730709
130252333
125772672
121291769
116809669
112326416
107842055
103356629
98870183
94382762
89894409
85405168
80915085
76424203
71932567
67440221
62947210
58453577
53959367
49464624
44969394
40473719
35977646
31481217
26984477
22487471
17990243
13492837
8995299
4497671
0
-4497671
-8995299
-13492837
-17990243
-22487471
-26984477
-31481217
-35977646
-40473719
-44969394
-49464624
-53959367
-58453577
-62947210
-67440221
-71932567
-76424203
-80915085
-85405168
-89894409
-94382762
-98870183
-103356629
-107842055
-112326416
-116809669
-121291769
-125772672
-130252333
-134730709
-139207755
-143683427
-148157681
-152630473
-157101759
-161571494
-166039634
-170506135
-174970954
-179434046
-183895367
-188354873
-192812520
-197268264
-201722061
-206173867
-210623638
-215071330
-219516900
-223960303
-228401496
-232840435
-237277075
-241711374
-246143287
-250572771
-254999782
-259424276
-263846209
-268265539
-272682221
-277096211
-281507467
-285915944
-290321600
-294724390
-299124272
-303521201
-307915134
-312306029
-316693841
-321078527
-325460045
-329838350
-334213401
-338585152
-342953562
-347318587
-351680184
-356038310
-360392922
-364743978
-369091433
-373435246
-377775373
-382111771
-386444398
-390773212
-395098168
-399419225
-403736340
-408049470
-412358573
-416663606
-420964526
-425261292
-429553861
-433842190
-438126238
-442405961
-446681318
-450952266
-455218764
-459480769
-463738239
-467991132
-472239406
-476483019
-480721930
-484956096
-489185476
-493410027
-497629709
-501844480
-506054297
-510259120
-514458907
-518653617
-522843207
-527027638
-531206866
-535380852
-539549554
-543712931
-547870942
-552023545
-556170700
-560312366
-564448502
-568579067
-572704020
-576823321
-580936929
-585044803
-589146904
-593243189
-597333619
-601418155
-605496754
-609569377
-613635984
-617696535
-621750989
-625799307
-629841448
-633877374
-637907043
-641930416
-645947453
-649958116
-653962363
-657960157
-661951456
-665936222
-669914416
-673885998
-677850929
-681809169
-685760681
-689705424
-693643361
-697574451
-701498657
-705415939
-709326259
-713229578
-717125858
-721015060
-724897146
-728772077
-732639816
-736500324
-740353563
-744199495
-748038082
-751869286
-755693070
-759509395
-763318224
-767119520
-770913244
-774699360
-778477830
-782248616
-786011682
-789766991
-793514504
-797254186
-800986000
-804709908
-808425874
-812133861
-815833833
-819525752
-823209584
-826885290
-830552836
-834212184
-837863299
-841506145
-845140685
-848766884
-852384706
-855994116
-859595077
-863187554
-866771512
-870346915
-873913728
-877471916
-881021444
-884562277
-888094379
-891617716
-895132253
-898637956
-902134789
-905622719
-909101710
-912571729
-916032742
-919484713
-922927610
-926361397
-929786042
-933201510
-936607768
-940004782
-943392519
-946770944
-950140025
-953499729
-956850022
-960190872
-963522245
-966844108
-970156429
-973459174
-976752312
-980035810
-983309636
-986573756
-989828140
-993072754
-996307567
-999532547
-1002747662
-1005952880
-1009148170
-1012333499
-1015508838
-1018674154
-1021829416
-1024974593
-1028109654
-1031234568
-1034349304
-1037453831
-1040548119
-1043632138
-1046705856
-1049769243
-1052822270
-1055864906
-1058897121
-1061918885
-1064930168
-1067930941
-1070921174
-1073900837
-1076869901
-1079828337
-1082776116
-1085713208
-1088639584
-1091555216
-1094460075
-1097354132
-1100237358
-1103109726
-1105971206
-1108821771
-1111661392
-1114490042
-1117307692
-1120114314
-1122909882
-1125694367
-1128467741
-1131229978
-1133981051
-1136720931
-1139449593
-1142167008
-1144873151
-1147567995
-1150251512
-1152923677
-1155584463
-1158233844
-1160871793
-1163498285
-1166113294
-1168716794
-1171308759
-1173889164
-1176457983
-1179015191
-1181560762
-1184094672
-1186616895
-1189127407
-1191626183
-1194113198
-1196588427
-1199051847
-1201503432
-1203943159
-1206371004
-1208786942
-1211190950
-1213583004
-1215963080
-1218331156
-1220687207
-1223031210
-1225363142
-1227682981
-1229990703
-1232286285
-1234569705
-1236840941
-1239099969
-1241346768
-1243581315
-1245803589
-1248013567
-1250211228
-1252396549
-1254569510
-1256730089
-1258878265
-1261014015
-1263137321
-1265248159
-1267346510
-1269432353
-1271505667
-1273566432
-1275614627
-1277650232
-1279673228
-1281683593
-1283681309
-1285666356
-1287638713
-1289598362
-1291545284
-1293479458
-1295400866
-1297309489
-1299205308
-1301088304
-1302958459
-1304815755
-1306660173
-1308491694
-1310310301
-1312115976
-1313908701
-1315688458
-1317455229
-1319208998
-1320949747
-1322677459
-1324392116
-1326093702
-1327782200
-1329457594
-1331119866
-1332769001
-1334404981
-1336027792
-1337637417
-1339233839
-1340817044
-1342387016
-1343943739
-1345487198
-1347017377
-1348534262
-1350037837
-1351528088
-1353005000
-1354468558
-1355918748
-1357355556
-1358778967
-1360188968
-1361585544
-1362968682
-1364338368
-1365694588
-1367037330
-1368366580
-1369682324
-1370984550
-1372273245
-1373548396
-1374809991
-1376058017
-1377292462
-1378513314
-1379720560
-1380914189
-1382094188
-1383260548
-1384413255
-1385552298
-1386677666
-1387789349
-1388887334
-1389971612
-1391042172
-1392099002
-1393142093
-1394171434
-1395187015
-1396188827
-1397176858
-1398151100
-1399111543
-1400058177
-1400990993
-1401909982
-1402815134
-1403706442
-1404583895
-1405447486
-1406297205
-1407133045
-1407954997
-1408763053
-1409557205
-1410337446
-1411103767
-1411856161
-1412594620
-1413319138
-1414029707
-1414726320
-1415408970
-1416077650
-1416732355
-1417373077
-1417999810
-1418612548
-1419211285
-1419796015
-1420366732
-1420923430
-1421466105
-1421994750
-1422509361
-1423009932
-1423496459
-1423968936
-1424427359
-1424871724
-1425302026
-1425718261
-1426120424
-1426508512
-1426882521
-1427242448
-1427588288
-1427920038
-1428237696
-1428541257
-1428830719
-1429106079
-1429367335
-1429614483
-1429847521
-1430066448
-1430271260
-1430461956
-1430638534
-1430800992
-1430949329
-1431083543
-1431203633
-1431309597
-1431401435
-1431479145
-1431542727
-1431592181
-1431627505
-1431648700
-1431655765
-1431648700
-1431627505
-1431592181
-1431542727
-1431479145
-1431401435
-1431309597
-1431203633
-1431083543
-1430949329
-1430800992
-1430638534
-1430461956
-1430271260
-1430066448
-1429847521
-1429614483
-1429367335
-1429106079
-1428830719
-1428541257
-1428237696
-1427920038
-1427588288
-1427242448
-1426882521
-1426508512
-1426120424
-1425718261
-1425302026
-1424871724
-1424427359
-1423968936
-1423496459
-1423009932
-1422509361
-1421994750
-1421466105
-1420923430
-1420366732
-1419796015
-1419211285
-1418612548
-1417999810
-1417373077
-1416732355
-1416077650
-1415408970
-1414726320
-1414029707
-1413319138
-1412594620
-1411856161
-1411103767
-1410337446
-1409557205
-1408763053
-1407954997
-1407133045
-1406297205
-1405447486
-1404583895
-1403706442
-1402815134
-1401909982
-1400990993
-1400058177
-1399111543
-1398151100
-1397176858
-1396188827
-1395187015
-1394171434
-1393142093
-1392099002
-1391042172
-1389971612
-1388887334
-1387789349
-1386677666
-1385552298
-1384413255
-1383260548
-1382094188
-1380914189
-1379720560
-1378513314
-1377292462
-1376058017
-1374809991
-1373548396
-1372273245
-1370984550
-1369682324
-1368366580
-1367037330
-1365694588
-1364338368
-1362968682
-1361585544
-1360188968
-1358778967
-1357355556
-1355918748
-1354468558
-1353005000
-1351528088
-1350037837
-1348534262
-1347017377
-1345487198
-1343943739
-1342387016
-1340817044
-1339233839
-1337637417
-1336027792
-1334404981
-1332769001
-1331119866
-1329457594
-1327782200
-1326093702
-1324392116
-1322677459
-1320949747
-1319208998
-1317455229
-1315688458
-1313908701
-1312115976
-1310310301
-1308491694
-1306660173
-1304815755
-1302958459
-1301088304
-1299205308
-1297309489
-1295400866
-1293479458
-1291545284
-1289598362
-1287638713
-1285666356
-1283681309
-1281683593
-1279673228
-1277650232
-1275614627
-1273566432
-1271505667
-1269432353
-1267346510
-1265248159
-1263137321
-1261014015
-1258878265
-1256730089
-1254569510
-1252396549
-1250211228
-1248013567
-1245803589
-1243581315
-1241346768
-1239099969
-1236840941
-1234569705
-1232286285
-1229990703
-1227682981
-1225363142
-1223031210
-1220687207
-1218331156
-1215963080
-1213583004
-1211190950
-1208786942
-1206371004
-1203943159
-1201503432
-1199051847
-1196588427
-1194113198
-1191626183
-1189127407
-1186616895
-1184094672
-1181560762
-1179015191
-1176457983
-1173889164
-1171308759
-1168716794
-1166113294
-1163498285
-1160871793
-1158233844
-1155584463
-1152923677
-1150251512
-1147567995
-1144873151
-1142167008
-1139449593
-1136720931
-1133981051
-1131229978
-1128467741
-1125694367
-1122909882
-1120114314
-1117307692
-1114490042
-1111661392
-1108821771
-1105971206
-1103109726
-1100237358
-1097354132
-1094460075
-1091555216
-1088639584
-1085713208
-1082776116
-1079828337
-1076869901
-1073900837
-1070921174
-1067930941
-1064930168
-1061918885
-1058897121
-1055864906
-1052822270
-1049769243
-1046705856
-1043632138
-1040548119
-1037453831
-1034349304
-1031234568
-1028109654
-1024974593
-1021829416
-1018674154
-1015508838
-1012333499
-1009148170
-1005952880
-1002747662
-999532547
-996307567
-993072754
-989828140
-986573756
-983309636
-980035810
-976752312
-973459174
-970156429
-966844108
-963522245
-960190872
-956850022
-953499729
-950140025
-946770944
-943392519
-940004782
-936607768
-933201510
-929786042
-926361397
-922927610
-919484713
-916032742
-912571729
-909101710
-905622719
-902134789
-898637956
-895132253
-891617716
-888094379
-884562277
-881021444
-877471916
-873913728
-870346915
-866771512
-863187554
-859595077
-855994116
-852384706
-848766884
-845140685
-841506145
-837863299
-834212184
-830552836
-826885290
-823209584
-819525752
-815833833
-812133861
-808425874
-804709908
-800986000
-797254186
-793514504
-789766991
-786011682
-782248616
-778477830
-774699360
-770913244
-767119520
-763318224
-759509395
-755693070
-751869286
-748038082
-744199495
-740353563
-736500324
-732639816
-728772077
-724897146
-721015060
-717125858
-713229578
-709326259
-705415939
-701498657
-697574451
-693643361
-689705424
-685760681
-681809169
-677850929
-673885998
-669914416
-665936222
-661951456
-657960157
-653962363
-649958116
-645947453
-641930416
-637907043
-633877374
-629841448
-625799307
-621750989
-617696535
-613635984
-609569377
-605496754
-601418155
-597333619
-593243189
-589146904
-585044803
-580936929
-576823321
-572704020
-568579067
-564448502
-560312366
-556170700
-552023545
-547870942
-543712931
-539549554
-535380852
-531206866
-527027638
-522843207
-518653617
-514458907
-510259120
-506054297
-501844480
-497629709
-493410027
-489185476
-484956096
-480721930
-476483019
-472239406
-467991132
-463738239
-459480769
-455218764
-450952266
-446681318
-442405961
-438126238
-433842190
-429553861
-425261292
-420964526
-416663606
-412358573
-408049470
-403736340
-399419225
-395098168
-390773212
-386444398
-382111771
-377775373
-373435246
-369091433
-364743978
-360392922
-356038310
-351680184
-347318587
-342953562
-338585152
-334213401
-329838350
-325460045
-321078527
-316693841
-312306029
-307915134
-303521201
-299124272
-294724390
-290321600
-285915944
-281507467
-277096211
-272682221
-268265539
-263846209
-259424276
-254999782
-250572771
-246143287
-241711374
-237277075
-232840435
-228401496
-223960303
-219516900
-215071330
-210623638
-206173867
-201722061
-197268264
-192812520
-188354873
-183895367
-179434046
-174970954
-170506135
-166039634
-161571494
-157101759
-152630473
-148157681
-143683427
-139207755
-134730709
-130252333
-125772672
-121291769
-116809669
-112326416
-107842055
-103356629
-98870183
-94382762
-89894409
-85405168
-80915085
-76424203
-71932567
-67440221
-62947210
-58453577
-53959367
-49464624
-44969394
-40473719
-35977646
-31481217
-26984477
-22487471
-17990243
-13492837
-8995299
-4497671
106766457
59515809
109757358
193620462
291627747
-67272953
-237661638
115232469
315622540
69069728
-21990872
-35180515
211514657
-147941968
296246128
248724550
92525984
-191599847
120510711
-136895967
-104680519
237477211
-27426599
67828295
261412869
366591939
327668910
389585315
-68297944
397871468
391473350
398867123
186987582
120433386
173665053
-47961663
95994039
275549145
59740866
364195377
137903570
197419155
270600497
259406561
163182272
92739295
67729304
63145610
330886361
256936293
490474963
375223122
132046777
392670296
176445543
288197051
434027991
483249591
400673745
513316683
274291570
115232455
367341499
388135609
14673773
57263717
429858151
151948071
420346901
225654403
143993634
114439456
560487504
269737234
133669390
382830762
327337054
514608064
616598396
549706279
110188065
538607985
380743568
511473352
254561225
237814261
226819098
505428225
306730878
360734360
388156338
256952700
442338696
235154296
310827385
381468760
588551375
328341799
149099754
717198614
623884184
303821520
191159841
425619182
190637343
637589964
613565544
272347787
270382443
632433145
572212939
517959657
709910047
241140388
425260196
639746473
412596897
784305281
370289164
730641998
414572225
512432121
759713320
641634745
580902629
741843857
312725442
338890816
826024581
825331489
745928901
630032907
583344100
649897612
441334747
546794918
432133295
511116278
456832793
570154811
377276977
620382592
559724802
872744006
355417391
609414672
536482799
696642308
595915462
385667251
781315052
471036999
557243468
690872033
846405510
628847178
707649387
449358922
623363172
920133501
807344055
489041519
656590749
419163119
519095559
799675441
962101146
851900568
747960360
760278127
759189705
852289832
568091406
838360955
708675586
999825134
969686247
796892747
581519291
1029139757
531979051
885296958
824595845
591615981
859969946
1042572155
698009484
574860003
646316100
608164142
950768083
1087185541
581642059
1077042634
668053349
782375023
964393649
750260277
982487523
764415658
938108592
559990010
595078352
864007540
875717660
928849437
595408424
1021327065
751636269
1132154651
628766152
1088783539
872112934
736141164
751260428
738778114
686919921
1115400783
792785154
674375683
676002462
637579843
1047324264
1003968174
834119717
766528413
800254811
779634861
1159813168
1023277188
660740499
833838398
697226960
1050361372
807650507
752995571
1021418270
774897807
1046631609
758353628
1214185541
801977873
765049613
1132347516
1084859124
862109373
1247573034
915712162
1133752289
727089694
745083442
1265327932
1178302572
873343294
866931484
1070539153
833087448
1071573817
767489175
1323322040
1026820871
1153256270
1277275087
946687664
1033428781
1122831405
1069970743
873093366
1278865182
1028618895
932186208
1127424304
1194237311
831542230
1055931510
1202351129
928468734
927392210
836154393
910305384
1364043718
976912108
1019430385
986195867
1282276896
877036323
865329091
1100461621
1101468597
1304987801
1155619355
1367016358
993863162
1182494044
989491336
971318622
1248963552
1366740854
1098020649
1158513297
1190694006
919536194
972926167
1098776060
1313752920
908514011
1076517696
1396065221
921234274
902905169
1437639903
1011541609
1388165816
1391889094
1351801957
1375768249
1088562660
1324651383
1298259836
1359324562
1077507060
1200602899
1306480828
1109397699
1392956192
1008430324
1037677003
973240952
1218014057
1287120824
1434205082
1213888724
1291534444
1360056831
1392477508
1097115307
1139379311
1504255449
1303417793
1132357797
1236999687
1057910021
1476931490
1151076944
1549352959
1224796813
1032050406
1308150792
1173337264
1457023664
1090136069
1455778422
1499937747
1388079955
1354085904
1332673929
1426778001
1019514157
1213490932
1573601296
1517008776
1246944461
1510711493
1120148873
1538231260
1322161305
1430148994
1391573477
1066539441
1556900258
1213895603
1425015691
1316497081
1522138360
1158522466
1333304587
1580272318
1468000347
1047481874
1306197027
1090121549
1254726160
1427168636
1093722177
1209698450
1147565879
1540681081
1166186445
1142236751
1156247231
1198233921
1587518768
1407449464
1116569141
1292007575
1238233443
1601216703
1229205306
1287656344
1201489347
1483375555
1451554238
1536820061
1572607656
1339834744
1418417197
1585701256
1635921627
1520745093
1283828923
1215637685
1126155848
1450721172
1465479769
1476387934
1540316970
1539416018
1461476388
1103306171
1147140667
1256553956
1260716270
1471621551
1532207761
1543201417
1356992302
1342516022
1583309263
1299047067
1336925095
1355699215
1381329403
1505194417
1562361721
1492819691
1145472395
1551500252
1574432678
1159607931
1208335526
1633307436
1450063013
1468876020
1494119489
1568033855
1484078486
1692439175
1510541011
1683459882
1337495393
1312154021
1270540102
1408525081
1569289602
1500409774
1551641890
1666987368
1382959917
1319466932
1342151106
1176103583
1402931673
1583702483
1522149483
1288050643
1510398601
1331562042
1543208534
1155865480
1651034956
1284051931
1421871013
1316611001
1649300326
1564130836
1404337329
1250656981
1384114928
1540918821
1212180901
1655769797
1146686211
1207484328
1472933795
1416255859
1630491083
1506158478
1202369149
1313356942
1505212992
1472225638
1396998320
1505470583
1644693786
1565383929
1204856628
1622182665
1282716405
1576223460
1396043435
1364491863
1422343366
1332909983
1145868755
1597961474
1337459752
1508497303
1287316731
1595334685
1229558455
1373511247
1380026436
1382211540
1523468516
1496973979
1686665635
1532738152
1656687290
1512847730
1673140359
1227482715
1579924406
1421473408
1265952434
1434977724
1550035840
1340148395
1396635167
1377963573
1349225924
1265798418
1271963020
1141989927
1626353476
1205298264
1329545191
1469735808
1328111820
1555319100
1167127491
1341270678
1674822087
1582978070
1307904785
1654083689
1263434788
1151621425
1464625520
1699265286
1155627455
1682982691
1275754079
1491146408
1519286698
1372201262
1340499712
1139717947
1694111455
1192321473
1409238411
1394301484
1204757974
1494533634
1655057994
1684977436
1522734311
1160597040
1137081701
1240911368
1511337032
1198115072
1252519401
1384877430
1272019642
1328649242
1605177422
1216152338
1663616207
1589425261
1466151430
1514673862
1141121143
1651538076
1386987117
1509876203
1372601830
1179218791
1257561626
1254417924
1118242643
1593547247
1154405228
1638256334
1490262183
1649916394
1639696545
1308942420
1175088233
1223977209
1097825755
1450460569
1579059858
1170981674
1525879448
1420417194
1365996978
1413714426
1369777888
1442459919
1270653470
1266967650
1077459574
1493074214
1332919476
1148391293
1080443115
1288572732
1550534825
1273814002
1278021000
1303648120
1151208527
1570363246
1251791448
1371132263
1103209085
1520449991
1203834929
1358854232
1585725603
1307753149
1245695273
1351247494
1320884596
1583523286
1475353052
1305105582
1397268139
1579055323
1231036867
1420038923
1080053290
1294745610
1329199357
1028771161
1508396453
1336582010
1064161957
1132312316
1474544759
1442928008
1517762972
1138508318
1356425831
1223575675
989416268
1175721093
1323103978
1255944098
1334842993
1382354806
1537629894
1475899789
1119734041
973062332
1063095262
1344271322
1115454117
1422054625
1220063328
1376216138
1381710643
1193062037
1288674314
1460407396
1085224842
1085647437
1279407627
1139775112
1462108217
1490314277
1232791446
1469480821
1321880276
1371152932
1348916648
954824981
1008571187
1118073820
917568154
898306987
1435182313
1318061861
1451534429
1206409171
1053156081
1038170845
1105495132
1163241316
1005514551
895730913
1272891782
1183538091
898498258
1141520387
1053688878
976451368
1391802660
1303088136
1157637483
1157497892
884148184
1225085569
1088556994
1343199035
1072691738
1089168755
1037453430
836315564
977932406
1343085550
1126843449
1200826576
879884752
963724659
1086878226
1087460535
1314904741
1302041132
1301410497
971031216
1265973538
1104538554
1174282097
1074809006
1214359186
930403582
1258020550
1089076159
807387319
1253705594
899799700
851593774
793152046
1178690502
1131831754
1041945484
1277613667
867077913
1009868334
1269034440
846811406
1095257711
1056201879
1154641940
717195219
732868832
821899689
1220780768
821714042
755221600
780858664
917057806
737830972
746631988
752335915
976401825
1144060605
892693493
1119660456
958247364
1183482261
698904069
859313003
1029801063
852663444
1010236997
1074064446
1028875516
654870958
767044328
770877604
920822714
1096245155
745936314
656129709
812339925
931080376
836618502
786245721
913493912
1147294970
831694842
680191924
792970558
866563836
784152321
644783775
967577477
642823747
692210714
670771279
552876363
990094690
560270968
617830187
745873194
717018823
757825745
758739170
602108477
661657895
773393803
559044280
534234523
842601628
527740643
982364266
818742291
710213361
608682939
709407365
803784297
939427123
743123706
715620580
744554609
566610095
940693558
751556292
578627610
699498499
992937102
516644034
825852160
810263283
598158851
623242973
642148699
819306700
825677045
815116842
396199868
430204373
797636431
443593894
578275118
665648262
557481204
590459311
366870692
578109892
836819294
484982506
548425839
788136379
400871837
481199009
408811363
391614067
350569549
548506682
522831238
509591200
690204569
592495012
596263875
387815850
669405904
534877740
708662838
439179952
396435235
591829747
445479646
436941281
826653493
709719381
761290625
425824297
429579962
663449587
451036806
657792997
510836874
305440707
662112115
219764998
617877513
317314134
484853017
548551151
641894876
689622722
562939781
518080038
584333752
208751879
446735698
399590268
410234092
575167438
476073121
495131396
567936362
242276974
681204596
588207625
641386994
669063881
259684715
660651765
670642366
547420936
391149788
224947044
585713980
367390773
491315077
560829523
590380607
604351746
439325765
200341928
572895946
171105033
384138608
451434626
325490008
530153901
464641313
362184076
207636933
161176898
497074379
180648802
188530766
89873205
426550817
167109396
251356199
476679942
380449524
115675192
328557961
302192964
226811557
267548289
443269616
147350784
339944868
500433705
104113011
54203083
363634057
347605135
-26016050
-62104325
37511170
356112093
83002785
326069544
417132528
117842859
23282878
115266979
-37657438
42820192
425505199
136462487
325420550
214192729
-100323029
227842220
-77748473
290513974
-141273035
-40806969
-181396637
-110624965
223623246
111332400
302200905
-186881298
165667196
-128440276
111018432
-18372078
-175643257
334086521
-45994097
62231270
67200772
-118748656
69332965
-254473140
78570839
-135037048
186266818
50143726
-258589095
-286102808
-166884309
-248003184
211246326
-229312429
-157720461
-179841466
144815751
67819869
-189475602
-271369311
-136153868
131616623
-188749713
-211095276
-231606178
41101265
-277876836
-174888581
181116754
-158182629
-43756205
-64263224
-378249819
-104204665
-354302950
-384857137
-35135958
-60050930
-354087711
94151888
-105859180
-430568602
4137296
-402617944
-379219373
-192654767
48985727
-119984524
-55309182
94323408
-127715717
-206890859
-2235397
-235318285
-378278952
-202138178
-326587590
-233515510
-6270726
-83203742
-30458838
-310037339
-441184077
-516920722
-104867952
-44396436
-138127883
12279123
-385123842
-541732297
-528930297
-511123457
-518398583
-487018617
-448797057
-554923916
-38708426
-297741573
-226034144
-573803272
-221196490
-172838447
-51927535
-270825288
-437044716
-182378716
-73275502
-275530742
-538160203
-229514931
-245320746
-370097188
-220170871
-556613398
-442928842
-464964898
-216662451
-563338626
-190923250
-239218677
-155439265
-517692852
-657788555
-523208822
-344541400
-356474590
-362635861
-324316260
-402842880
-557692201
-195007858
-258428756
-337544937
-219801998
-642155936
-193429830
-722471217
-523570464
-236632003
-318171001
-688517301
-415655896
-415747238
-448275894
-346946029
-392688137
-249566640
-580269225
-539661083
-302195014
-437056569
-430207447
-397807499
-353992607
-741763633
-421366622
-329872198
-571979910
-351307293
-701773375
-701071303
-550548557
-864411244
-610276775
-728123433
-551583404
-522254635
-816921072
-466543724
-695924622
-575255067
-703617313
-373953069
-438421099
-625577235
-502251727
-699069683
-779106816
-900466311
-567205857
-529572210
-455292767
-500447052
-775326073
-912762497
-493469715
-843268785
-759646016
-553122377
-785868164
-590581689
-810190582
-901292379
-608793973
-797616804
-952664615
-601200488
-857224621
-880904852
-533686101
-994275847
-772218332
-993545420
-573556199
-910474481
-973676424
-528748474
-1040403700
-958590357
-679419917
-537517373
-557964631
-608942844
-573036076
-818027227
-1070272788
-996246718
-533566651
-749939573
-949429999
-582212099
-977177224
-750417145
-820833307
-702676444
-575056588
-896973212
-964871604
-1033106115
-895084795
-786870939
-743924402
-868722067
-1039880184
-613062774
-1130064919
-836961678
-853865817
-903858909
-1158549589
-840545182
-897964373
-833613260
-646719136
-1070501279
-1093601469
-746727141
-923903282
-1188369707
-1024301804
-640702628
-762128012
-1205112849
-797910208
-929463652
-717987816
-675970039
-705296026
-1025446262
-717384336
-936679843
-1234965396
-951024423
-862202186
-1004126876
-864067165
-1230323006
-767435494
-1010421247
-923987569
-1081113817
-1241649721
-1161681263
-902830779
-1252060039
-853288709
-837333535
-1150168209
-1108590631
-992487165
-870363952
-1114438569
-1036015761
-1116039839
-863583102
-1066779432
-1301076195
-1211094969
-969984977
-1283498926
-1066392074
-1136637848
-903824738
-993757634
-1045916401
-1198112474
-1045973017
-843549072
-896169648
-941416192
-968138703
-882456628
-807405019
-941045972
-1330036885
-1232287399
-1180090935
-943634145
-1233854095
-1388943285
-866102124
-1207486486
-872335359
-1208448951
-886954700
-1284079281
-1106334402
-1111147753
-1043499286
-1067743659
-1020245507
-947883567
-1267501435
-890616601
-1178271834
-1154546362
-890819570
-1112470497
-1334486260
-1387452566
-1095874410
-1014702752
-1445949773
-1132761135
-1395561295
-1017170413
-1272654750
-1176739176
-1346552088
-1252511510
-1023675619
-917396677
-1098957021
-1150817005
-1356548600
-1471674315
-1247756547
-1112292111
-1018447080
-1119764175
-1135520973
-1175445438
-1405118262
-1173223326
-1296253144
-1148561019
-1203165054
-1443262126
-1493603700
-1038978513
-1288999870
-1148838831
-1187500270
-976535354
-1026722050
-1055978563
-1003809123
-1030451236
-1502141592
-1471480932
-1087785565
-1072310098
-1039571263
-981277758
-1393055349
-1432267407
-1275532789
-1337644253
-1360586402
-1377220424
-1242878562
-1489021244
-1282337197
-1015632444
-1550139293
-1447406451
-1442849712
-1034910697
-1316128533
-1070802675
-1368146033
-1499412473
-1085126100
-1041737366
-1287032532
-1155817236
-1235604570
-1148761323
-1225312935
-1470350407
-1322074265
-1119660734
-1196968737
-1480022103
-1225660191
-1053854980
-1240289573
-1487777998
-1122994362
-1162877919
-1469085071
-1136788734
-1559519621
-1453383445
-1279547876
-1293774005
-1297810648
-1176776914
-1389337229
-1530015263
-1437855800
-1622636909
-1298509467
-1402979609
-1470774139
-1243065582
-1574369278
-1218404380
-1184189061
-1582181722
-1508640031
-1159936117
-1470537415
-1516686512
-1476326042
-1149097909
-1545062586
-1653936409
-1295165465
-1243188726
-1532926852
-1447869267
-1480113810
-1237308670
-1184395218
-1581284831
-1661323783
-1272365647
-1188905390
-1448308304
-1126207638
-1210406160
-1335518959
-1215307424
-1515343915
-1356469966
-1148351865
-1487355161
-1456144931
-1311877521
-1234101289
-1190072354
-1452331050
-1389235982
-1466533585
-1268868925
-1582147814
-1180731295
-1599063031
-1294100368
-1624944725
-1489495668
-1162891590
-1342243199
-1200318991
-1378031304
-1216347790
-1546561457
-1342095090
-1687374268
-1455281124
-1494650156
-1153171662
-1581160824
-1315673256
-1680999153
-1592432291
-1677280193
-1458410740
-1218311655
-1448698454
-1349160240
-1363464643
-1468160370
-1238316449
-1315488778
-1394524768
-1176818701
-1153979787
-1202043188
-1248431675
-1303031373
-1534607429
-1251629116
-1306079093
-1588043128
-1574854603
-1613831080
-1213930485
-1192690520
-1414358265
-1222230929
-1442188900
-1315292606
-1391440300
-1384515932
-1628670139
-1292383443
-1345394167
-1408595039
-1184864504
-1315194000
-1481900741
-1294294747
-1680846070
-1267437817
-1349503846
-1237501458
-1255157896
-1631067124
-1518632576
-1620383742
-1664240634
-1342092189
-1539296776
-1313349945
-1197606515
-1593228496
-1201639089
-1424073506
-1355756435
-1453862619
-1358705954
-1428591345
-1178064318
-1291252598
-1670826111
-1645897566
-1157240898
-1660852706
-1587222370
-1200037934
-1524962343
-1667390751
-1350464178
-1305050734
-1650710266
-1652286506
-1571535908
-1145540686
-1318147706
-1582506368
-1524401043
-1153169018
-1654214927
-1650676600
-1184960698
-1299693688
-1194920461
-1515966080
-1292379985
-1501627242
-1594369481
-1696913114
-1409975296
-1196007725
-1655826986
-1656592956
-1501015290
-1414187387
-1688536443
-1320355009
-1304678722
-1463856101
-1180835832
-1469141011
-1594747504
-1159704669
-1466356130
-1452838917
-1569368213
-1418706587
-1186668119
-1378298914
-1249388898
-1659160462
-1290526452
-1139758870
-1307124780
-1197545924
-1233734201
-1342442622
-1327834413
-1390073158
-1239610175
-1501384884
-1344255305
-1386355144
-1535039111
-1254112172
-1417659479
-1376094066
-1162416134
-1193970108
-1563470441
-1533263261
-1615800376
-1661737317
-1375082095
-1258639200
-1561699240
-1264106651
-1320679979
-1088490164
-1581888057
-1445983780
-1558030202
-1373331420
-1385784582
-1641561654
-1565199792
-1587726033
-1431447116
-1539497408
-1441850286
-1559044678
-1262126224
-1151099386
-1413376347
-1307818547
-1145506962
-1301827898
-1321989059
-1600734594
-1093127219
-1327383741
-1252987118
-1540926740
-1286905696
-1505938645
-1356891950
-1192126090
-1407224930
-1575318798
-1406117798
-1113124484
-1403041719
-1407078073
-1223794421
-1169799413
-1107872960
-1135472923
-1269595900
-1443254751
-1402072456
-1273438594
-1226266667
-1327764955
-1299755190
-1409898445
-1418245808
-1344998053
-1193754659
-1571683365
-1540571011
-1431697835
-1249246608
-1487831116
-1277805378
-1290976138
-1187565505
-1310501512
-1298685858
-1028253786
-1026085959
-1328755528
-1438385463
-1209483472
-1516279578
-1338160655
-1353334638
-1518994679
-1178242317
-1147353637
-1210994595
-1511077625
-1145985065
-1066990845
-1255958599
-1226715544
-1102038618
-1436232094
-1357003587
-1437211230
-1326330814
-1006385330
-1451250376
-953927903
-1062403145
-1047211055
-1161416425
-1278494077
-1084423248
-1008908180
-932856453
-1312363322
-1221708448
-916713252
-1211478214
-1123112123
-955742376
-1170801990
-1077534062
-1019648585
-1200413118
-1407107660
-1337817404
-1251336304
-1223839765
-1304440007
-1034741091
-1207501917
-1258906848
-1135877801
-1357348296
-1131615183
-1413259827
-1056386550
-1401898807
-1172116065
-892833081
-1012682394
-1233409871
-1275190918
-1337673949
-883576949
-1275974674
-1205330401
-1371581804
-1026666537
-1134087888
-1182427506
-998740456
-1093651575
-1116657926
-1086900455
-853947601
-1235032379
-1153839257
-787433521
-1069335886
-1166273112
-806742451
-1000201267
-922885407
-1080843765
-893034357
-1211148740
-970339388
-856429025
-1050022172
-1182614136
-861119395
-760132808
-1237516657
-1062561704
-1142245322
-1001581068
-1214618768
-1059978976
-1086517810
-770601049
-801854205
-991765965
-1080493985
-1238696316
-903053202
-761978374
-945254878
-785002548
-1117959630
-994944404
-1167451208
-856625325
-933961445
-900205858
-1114757672
-1139780516
-720513658
-1170671647
-728920299
-848855135
-995175377
-928804201
-682088816
-923766079
-1087134501
-1021876416
-634448299
-1079863085
-819984262
-845692006
-1154080609
-825140231
-862423065
-844575082
-864991720
-651689734
-714642189
-1113972409
-879255370
-999162694
-1037495313
-584049385
-1080872843
-824248701
-1130657718
-693912615
-1014113078
-683212925
-663774422
-558573114
-626545765
-537128809
-832236406
-949989977
-1073529124
-988561981
-905024268
-863016393
-564811481
-779944822
-510691060
-720504583
-902876175
-701882385
-728702043
-702789675
-1027358485
-700712936
-801937948
-908506510
-569177085
-556141317
-608955784
-483410542
-769235369
-840314111
-699900213
-731895275
-978676232
-936254584
-691987165
-747876133
-517735506
-677488662
-497487740
-841796981
-440441381
-748205615
-919839717
-500793531
-682424467
-432133004
-645086215
-887368224
-577635983
-455869528
-730247778
-751028171
-457082171
-896958992
-371893171
-723178446
-485198379
-693370784
-388314322
-636271218
-619867772
-651033721
-344935821
-568260870
-839171199
-316208017
-708659589
-837552000
-741603415
-746135956
-326206495
-436717668
-578722382
-474525570
-646828411
-788102907
-266763806
-471233781
-397717834
-734586343
-707822447
-532902792
-685512869
-662297789
-762684296
-298973973
-437218626
-620547933
-414599553
-723643909
-327463318
-662025491
-762711592
-487116831
-401417892
-320151084
-341668412
-507582346
-197624981
-282616264
-255659478
-271892452
-394425877
-268827840
-209772482
-371103497
-216015475
-669935097
-234339559
-156438564
-501278865
-123732548
-187743607
-328366898
-621575800
-438520326
-325302615
-491718398
-223249896
-541269829
-369397455
-280451746
-458152660
-374621207
-242072720
-284734873
-71792916
-166090581
-592089984
-368036113
-589175773
-235733626
-353068503
-25691903
-290192670
-177349933
-397845354
-456379535
-411896386
-493507653
-520877003
-156679648
-118761412
-534402666
-512786775
-38862201
-205379882
37432858
-235015971
-405190328
-303595661
18601084
-205489110
-274830701
-287437060
-157796791
-53843255
91355210
47505090
-273831301
-203588036
924541
-38421120
-164358276
-219470362
-203593773
113016828
-57699193
-88972527
-303591744
-279314515
-21269710
-183643912
161140895
128269619
-339177603
-137226912
-80021366
-322455396
-125114806
-348743804
-152479146
134003292
182822261
-243954019
-273069582
-340606744
-51827441
-312934014
195191323
163324734
-12368478
109308487
-92287822
-86386658
-51331260
208755789
-184617954
26046987
103298308
-96656459
