0
43922
87845
131767
175688
219609
263529
307448
351366
395283
439198
483111
527023
570932
614839
658744
702646
746546
790443
834336
878227
922114
965997
1009877
1053753
1097625
1141492
1185356
1229214
1273068
1316917
1360761
1404600
1448433
1492261
1536082
1579898
1623708
1667512
1711309
1755100
1798884
1842661
1886430
1930193
1973948
2017695
2061435
2105167
2148890
2192606
2236313
2280011
2323700
2367381
2411052
2454714
2498367
2542010
2585643
2629267
2672880
2716482
2760075
2803656
2847227
2890787
2934336
2977873
3021399
3064914
3108416
3151907
3195385
3238851
3282305
3325746
3369174
3412589
3455991
3499379
3542754
3586116
3629463
3672797
3716117
3759422
3802712
3845988
3889250
3932496
3975727
4018942
4062143
4105327
4148496
4191649
4234785
4277905
4321009
4364096
4407166
4450220
4493256
4536275
4579276
4622259
4665225
4708173
4751103
4794014
4836907
4879781
4922637
4965473
5008290
5051088
5093867
5136626
5179365
5222084
5264783
5307462
5350120
5392757
5435374
5477970
5520545
5563098
5605630
5648140
5690629
5733096
5775540
5817963
5860362
5902740
5945094
5987426
6029734
6072020
6114281
6156520
6198734
6240925
6283091
6325234
6367352
6409445
6451514
6493558
6535577
6577570
6619538
6661481
6703398
6745289
6787155
6828994
6870806
6912593
6954352
6996085
7037791
7079469
7121121
7162745
7204341
7245909
7287450
7328963
7370447
7411903
7453330
7494728
7536098
7577439
7618750
7660032
7701284
7742507
7783700
7824863
7865996
7907098
7948170
7989211
8030222
8071201
8112149
8153067
8193952
8234806
8275629
8316419
8357178
8397904
8438597
8479259
8519887
8560483
8601046
8641575
8682071
8722534
8762963
8803359
8843720
8884047
8924340
8964599
9004823
9045013
9085167
9125287
9165371
9205420
9245433
9285411
9325353
9365259
9405129
9444963
9484760
9524521
9564245
9603932
9643582
9683195
9722771
9762309
9801809
9841272
9880697
9920084
9959432
9998742
10038013
10077246
10116440
10155595
10194711
10233787
10272824
10311822
10350779
10389697
10428575
10467412
10506209
10544966
10583682
10622357
10660991
10699584
10738136
10776647
10815116
10853543
10891928
10930272
10968573
11006832
11045048
11083222
11121354
11159442
11197487
11235489
11273448
11311363
11349235
11387063
11424847
11462587
11500283
11537935
11575542
11613104
11650622
11688095
11725522
11762905
11800242
11837533
11874779
11911980
11949134
11986242
12023304
12060320
12097289
12134211
12171087
12207916
12244698
12281432
12318119
12354759
12391351
12427895
12464392
12500840
12537240
12573592
12609895
12646150
12682356
12718513
12754621
12790680
12826689
12862649
12898560
12934420
12970231
13005992
13041703
13077363
13112974
13148533
13184042
13219500
13254907
13290263
13325567
13360821
13396022
13431173
13466271
13501317
13536312
13571254
13606144
13640981
13675766
13710498
13745177
13779804
13814377
13848897
13883363
13917776
13952135
13986441
14020693
14054890
14089033
14123122
14157157
14191137
14225062
14258933
14292748
14326509
14360214
14393864
14427458
14460996
14494479
14527906
14561277
14594592
14627851
14661053
14694199
14727288
14760320
14793296
14826214
14859075
14891879
14924625
14957314
14989946
15022519
15055035
15087492
15119891
15152232
15184515
15216739
15248905
15281011
15313059
15345048
15376977
15408848
15440658
15472410
15504101
15535733
15567305
15598817
15630269
15661661
15692992
15724263
15755473
15786622
15817710
15848738
15879704
15910609
15941453
15972236
16002956
16033616
16064213
16094748
16125221
16155633
16185981
16216268
16246492
16276653
16306752
16336787
16366760
16396670
16426516
16456299
16486019
16515675
16545267
16574796
16604260
16633661
16662997
16692270
16721478
16750621
16779700
16808714
16837664
16866548
16895368
16924122
16952811
16981435
17009993
17038486
17066913
17095274
17123569
17151798
17179962
17208058
17236089
17264053
17291951
17319782
17347546
17375243
17402873
17430436
17457932
17485361
17512722
17540016
17567242
17594400
17621491
17648513
17675468
17702354
17729172
17755922
17782604
17809216
17835761
17862236
17888642
17914980
17941249
17967448
17993578
18019639
18045630
18071551
18097403
18123185
18148898
18174540
18200112
18225615
18251046
18276408
18301699
18326919
18352069
18377148
18402156
18427094
18451960
18476755
18501479
18526131
18550712
18575222
18599660
18624026
18648321
18672543
18696694
18720772
18744778
18768713
18792574
18816363
18840080
18863724
18887295
18910794
18934220
18957572
18980852
19004058
19027191
19050251
19073237
19096150
19118989
19141754
19164446
19187064
19209607
19232077
19254473
19276794
19299041
19321214
19343312
19365335
19387284
19409158
19430958
19452682
19474331
19495906
19517405
19538829
19560177
19581450
19602648
19623770
19644817
19665787
19686682
19707501
19728244
19748911
19769502
19790017
19810455
19830817
19851102
19871311
19891444
19911499
19931478
19951380
19971205
19990953
20010624
20030218
20049735
20069174
20088536
20107821
20127028
20146157
20165209
20184183
20203079
20221898
20240638
20259300
20277885
20296391
20314818
20333168
20351439
20369632
20387746
20405781
20423738
20441616
20459415
20477136
20494777
20512340
20529823
20547227
20564552
20581798
20598964
20616051
20633059
20649987
20666835
20683603
20700292
20716901
20733431
20749880
20766249
20782538
20798747
20814876
20830925
20846893
20862781
20878589
20894316
20909962
20925528
20941013
20956418
20971742
20986984
21002146
21017227
21032227
21047146
21061984
21076740
21091415
21106009
21120522
21134953
21149303
21163571
21177757
21191862
21205885
21219827
21233686
21247464
21261160
21274774
21288305
21301755
21315123
21328408
21341612
21354732
21367771
21380727
21393601
21406392
21419101
21431727
21444271
21456732
21469110
21481406
21493618
21505748
21517795
21529759
21541640
21553437
21565152
21576784
21588332
21599797
21611179
21622478
21633693
21644825
21655873
21666838
21677719
21688517
21699231
21709862
21720409
21730872
21741251
21751546
21761758
21771886
21781929
21791889
21801765
21811557
21821264
21830888
21840427
21849882
21859253
21868540
21877742
21886860
21895894
21904843
21913708
21922488
21931184
21939795
21948321
21956763
21965121
21973393
21981581
21989684
21997703
22005636
22013485
22021249
22028928
22036522
22044031
22051455
22058794
22066048
22073217
22080301
22087300
22094214
22101042
22107785
22114443
22121016
22127503
22133906
22140222
22146454
22152600
22158661
22164636
22170526
22176330
22182049
22187682
22193230
22198692
22204068
22209359
22214565
22219685
22224719
22229667
22234530
22239307
22243998
22248603
22253123
22257557
22261905
22266167
22270344
22274434
22278439
22282358
22286191
22289938
22293599
22297174
22300663
22304066
22307383
22310614
22313759
22316818
22319792
22322679
22325479
22328194
22330823
22333366
22335823
22338193
22340477
22342676
22344788
22346814
22348754
22350607
22352375
22354056
22355651
22357160
22358583
22359919
22361170
22362334
22363412
22364403
22365309
22366128
22366861
22367508
22368068
22368543
22368931
22369233
22369448
22369578
22369621
22369578
22369448
22369233
22368931
22368543
22368068
22367508
22366861
22366128
22365309
22364403
22363412
22362334
22361170
22359919
22358583
22357160
22355651
22354056
22352375
22350607
22348754
22346814
22344788
22342676
22340477
22338193
22335823
22333366
22330823
22328194
22325479
22322679
22319792
22316818
22313759
22310614
22307383
22304066
22300663
22297174
22293599
22289938
22286191
22282358
22278439
22274434
22270344
22266167
22261905
22257557
22253123
22248603
22243998
22239307
22234530
22229667
22224719
22219685
22214565
22209359
22204068
22198692
22193230
22187682
22182049
22176330
22170526
22164636
22158661
22152600
22146454
22140222
22133906
22127503
22121016
22114443
22107785
22101042
22094214
22087300
22080301
22073217
22066048
22058794
22051455
22044031
22036522
22028928
22021249
22013485
22005636
21997703
21989684
21981581
21973393
21965121
21956763
21948321
21939795
21931184
21922488
21913708
21904843
21895894
21886860
21877742
21868540
21859253
21849882
21840427
21830888
21821264
21811557
21801765
21791889
21781929
21771886
21761758
21751546
21741251
21730872
21720409
21709862
21699231
21688517
21677719
21666838
21655873
21644825
21633693
21622478
21611179
21599797
21588332
21576784
21565152
21553437
21541640
21529759
21517795
21505748
21493618
21481406
21469110
21456732
21444271
21431727
21419101
21406392
21393601
21380727
21367771
21354732
21341612
21328408
21315123
21301755
21288305
21274774
21261160
21247464
21233686
21219827
21205885
21191862
21177757
21163571
21149303
21134953
21120522
21106009
21091415
21076740
21061984
21047146
21032227
21017227
21002146
20986984
20971742
20956418
20941013
20925528
20909962
20894316
20878589
20862781
20846893
20830925
20814876
20798747
20782538
20766249
20749880
20733431
20716901
20700292
20683603
20666835
20649987
20633059
20616051
20598964
20581798
20564552
20547227
20529823
20512340
20494777
20477136
20459415
20441616
20423738
20405781
20387746
20369632
20351439
20333168
20314818
20296391
20277885
20259300
20240638
20221898
20203079
20184183
20165209
20146157
20127028
20107821
20088536
20069174
20049735
20030218
20010624
19990953
19971205
19951380
19931478
19911499
19891444
19871311
19851102
19830817
19810455
19790017
19769502
19748911
19728244
19707501
19686682
19665787
19644817
19623770
19602648
19581450
19560177
19538829
19517405
19495906
19474331
19452682
19430958
19409158
19387284
19365335
19343312
19321214
19299041
19276794
19254473
19232077
19209607
19187064
19164446
19141754
19118989
19096150
19073237
19050251
19027191
19004058
18980852
18957572
18934220
18910794
18887295
18863724
18840080
18816363
18792574
18768713
18744778
18720772
18696694
18672543
18648321
18624026
18599660
18575222
18550712
18526131
18501479
18476755
18451960
18427094
18402156
18377148
18352069
18326919
18301699
18276408
18251046
18225615
18200112
18174540
18148898
18123185
18097403
18071551
18045630
18019639
17993578
17967448
17941249
17914980
17888642
17862236
17835761
17809216
17782604
17755922
17729172
17702354
17675468
17648513
17621491
17594400
17567242
17540016
17512722
17485361
17457932
17430436
17402873
17375243
17347546
17319782
17291951
17264053
17236089
17208058
17179962
17151798
17123569
17095274
17066913
17038486
17009993
16981435
16952811
16924122
16895368
16866548
16837664
16808714
16779700
16750621
16721478
16692270
16662997
16633661
16604260
16574796
16545267
16515675
16486019
16456299
16426516
16396670
16366760
16336787
16306752
16276653
16246492
16216268
16185981
16155633
16125221
16094748
16064213
16033616
16002956
15972236
15941453
15910609
15879704
15848738
15817710
15786622
15755473
15724263
15692992
15661661
15630269
15598817
15567305
15535733
15504101
15472410
15440658
15408848
15376977
15345048
15313059
15281011
15248905
15216739
15184515
15152232
15119891
15087492
15055035
15022519
14989946
14957314
14924625
14891879
14859075
14826214
14793296
14760320
14727288
14694199
14661053
14627851
14594592
14561277
14527906
14494479
14460996
14427458
14393864
14360214
14326509
14292748
14258933
14225062
14191137
14157157
14123122
14089033
14054890
14020693
13986441
13952135
13917776
13883363
13848897
13814377
13779804
13745177
13710498
13675766
13640981
13606144
13571254
13536312
13501317
13466271
13431173
13396022
13360821
13325567
13290263
13254907
13219500
13184042
13148533
13112974
13077363
13041703
13005992
12970231
12934420
12898560
12862649
12826689
12790680
12754621
12718513
12682356
12646150
12609895
12573592
12537240
12500840
12464392
12427895
12391351
12354759
12318119
12281432
12244698
12207916
12171087
12134211
12097289
12060320
12023304
11986242
11949134
11911980
11874779
11837533
11800242
11762905
11725522
11688095
11650622
11613104
11575542
11537935
11500283
11462587
11424847
11387063
11349235
11311363
11273448
11235489
11197487
11159442
11121354
11083222
11045048
11006832
10968573
10930272
10891928
10853543
10815116
10776647
10738136
10699584
10660991
10622357
10583682
10544966
10506209
10467412
10428575
10389697
10350779
10311822
10272824
10233787
10194711
10155595
10116440
10077246
10038013
9998742
9959432
9920084
9880697
9841272
9801809
9762309
9722771
9683195
9643582
9603932
9564245
9524521
9484760
9444963
9405129
9365259
9325353
9285411
9245433
9205420
9165371
9125287
9085167
9045013
9004823
8964599
8924340
8884047
8843720
8803359
8762963
8722534
8682071
8641575
8601046
8560483
8519887
8479259
8438597
8397904
8357178
8316419
8275629
8234806
8193952
8153067
8112149
8071201
8030222
7989211
7948170
7907098
7865996
7824863
7783700
7742507
7701284
7660032
7618750
7577439
7536098
7494728
7453330
7411903
7370447
7328963
7287450
7245909
7204341
7162745
7121121
7079469
7037791
6996085
6954352
6912593
6870806
6828994
6787155
6745289
6703398
6661481
6619538
6577570
6535577
6493558
6451514
6409445
6367352
6325234
6283091
6240925
6198734
6156520
6114281
6072020
6029734
5987426
5945094
5902740
5860362
5817963
5775540
5733096
5690629
5648140
5605630
5563098
5520545
5477970
5435374
5392757
5350120
5307462
5264783
5222084
5179365
5136626
5093867
5051088
5008290
4965473
4922637
4879781
4836907
4794014
4751103
4708173
4665225
4622259
4579276
4536275
4493256
4450220
4407166
4364096
4321009
4277905
4234785
4191649
4148496
4105327
4062143
4018942
3975727
3932496
3889250
3845988
3802712
3759422
3716117
3672797
3629463
3586116
3542754
3499379
3455991
3412589
3369174
3325746
3282305
3238851
3195385
3151907
3108416
3064914
3021399
2977873
2934336
2890787
2847227
2803656
2760075
2716482
2672880
2629267
2585643
2542010
2498367
2454714
2411052
2367381
2323700
2280011
2236313
2192606
2148890
2105167
2061435
2017695
1973948
1930193
1886430
1842661
1798884
1755100
1711309
1667512
1623708
1579898
1536082
1492261
1448433
1404600
1360761
1316917
1273068
1229214
1185356
1141492
1097625
1053753
1009877
965997
922114
878227
834336
790443
746546
702646
658744
614839
570932
527023
483111
439198
395283
351366
307448
263529
219609
175688
131767
87845
43922
0
-43922
-87845
-131767
-175688
-219609
-263529
-307448
-351366
-395283
-439198
-483111
-527023
-570932
-614839
-658744
-702646
-746546
-790443
-834336
-878227
-922114
-965997
-1009877
-1053753
-1097625
-1141492
-1185356
-1229214
-1273068
-1316917
-1360761
-1404600
-1448433
-1492261
-1536082
-1579898
-1623708
-1667512
-1711309
-1755100
-1798884
-1842661
-1886430
-1930193
-1973948
-2017695
-2061435
-2105167
-2148890
-2192606
-2236313
-2280011
-2323700
-2367381
-2411052
-2454714
-2498367
-2542010
-2585643
-2629267
-2672880
-2716482
-2760075
-2803656
-2847227
-2890787
-2934336
-2977873
-3021399
-3064914
-3108416
-3151907
-3195385
-3238851
-3282305
-3325746
-3369174
-3412589
-3455991
-3499379
-3542754
-3586116
-3629463
-3672797
-3716117
-3759422
-3802712
-3845988
-3889250
-3932496
-3975727
-4018942
-4062143
-4105327
-4148496
-4191649
-4234785
-4277905
-4321009
-4364096
-4407166
-4450220
-4493256
-4536275
-4579276
-4622259
-4665225
-4708173
-4751103
-4794014
-4836907
-4879781
-4922637
-4965473
-5008290
-5051088
-5093867
-5136626
-5179365
-5222084
-5264783
-5307462
-5350120
-5392757
-5435374
-5477970
-5520545
-5563098
-5605630
-5648140
-5690629
-5733096
-5775540
-5817963
-5860362
-5902740
-5945094
-5987426
-6029734
-6072020
-6114281
-6156520
-6198734
-6240925
-6283091
-6325234
-6367352
-6409445
-6451514
-6493558
-6535577
-6577570
-6619538
-6661481
-6703398
-6745289
-6787155
-6828994
-6870806
-6912593
-6954352
-6996085
-7037791
-7079469
-7121121
-7162745
-7204341
-7245909
-7287450
-7328963
-7370447
-7411903
-7453330
-7494728
-7536098
-7577439
-7618750
-7660032
-7701284
-7742507
-7783700
-7824863
-7865996
-7907098
-7948170
-7989211
-8030222
-8071201
-8112149
-8153067
-8193952
-8234806
-8275629
-8316419
-8357178
-8397904
-8438597
-8479259
-8519887
-8560483
-8601046
-8641575
-8682071
-8722534
-8762963
-8803359
-8843720
-8884047
-8924340
-8964599
-9004823
-9045013
-9085167
-9125287
-9165371
-9205420
-9245433
-9285411
-9325353
-9365259
-9405129
-9444963
-9484760
-9524521
-9564245
-9603932
-9643582
-9683195
-9722771
-9762309
-9801809
-9841272
-9880697
-9920084
-9959432
-9998742
-10038013
-10077246
-10116440
-10155595
-10194711
-10233787
-10272824
-10311822
-10350779
-10389697
-10428575
-10467412
-10506209
-10544966
-10583682
-10622357
-10660991
-10699584
-10738136
-10776647
-10815116
-10853543
-10891928
-10930272
-10968573
-11006832
-11045048
-11083222
-11121354
-11159442
-11197487
-11235489
-11273448
-11311363
-11349235
-11387063
-11424847
-11462587
-11500283
-11537935
-11575542
-11613104
-11650622
-11688095
-11725522
-11762905
-11800242
-11837533
-11874779
-11911980
-11949134
-11986242
-12023304
-12060320
-12097289
-12134211
-12171087
-12207916
-12244698
-12281432
-12318119
-12354759
-12391351
-12427895
-12464392
-12500840
-12537240
-12573592
-12609895
-12646150
-12682356
-12718513
-12754621
-12790680
-12826689
-12862649
-12898560
-12934420
-12970231
-13005992
-13041703
-13077363
-13112974
-13148533
-13184042
-13219500
-13254907
-13290263
-13325567
-13360821
-13396022
-13431173
-13466271
-13501317
-13536312
-13571254
-13606144
-13640981
-13675766
-13710498
-13745177
-13779804
-13814377
-13848897
-13883363
-13917776
-13952135
-13986441
-14020693
-14054890
-14089033
-14123122
-14157157
-14191137
-14225062
-14258933
-14292748
-14326509
-14360214
-14393864
-14427458
-14460996
-14494479
-14527906
-14561277
-14594592
-14627851
-14661053
-14694199
-14727288
-14760320
-14793296
-14826214
-14859075
-14891879
-14924625
-14957314
-14989946
-15022519
-15055035
-15087492
-15119891
-15152232
-15184515
-15216739
-15248905
-15281011
-15313059
-15345048
-15376977
-15408848
-15440658
-15472410
-15504101
-15535733
-15567305
-15598817
-15630269
-15661661
-15692992
-15724263
-15755473
-15786622
-15817710
-15848738
-15879704
-15910609
-15941453
-15972236
-16002956
-16033616
-16064213
-16094748
-16125221
-16155633
-16185981
-16216268
-16246492
-16276653
-16306752
-16336787
-16366760
-16396670
-16426516
-16456299
-16486019
-16515675
-16545267
-16574796
-16604260
-16633661
-16662997
-16692270
-16721478
-16750621
-16779700
-16808714
-16837664
-16866548
-16895368
-16924122
-16952811
-16981435
-17009993
-17038486
-17066913
-17095274
-17123569
-17151798
-17179962
-17208058
-17236089
-17264053
-17291951
-17319782
-17347546
-17375243
-17402873
-17430436
-17457932
-17485361
-17512722
-17540016
-17567242
-17594400
-17621491
-17648513
-17675468
-17702354
-17729172
-17755922
-17782604
-17809216
-17835761
-17862236
-17888642
-17914980
-17941249
-17967448
-17993578
-18019639
-18045630
-18071551
-18097403
-18123185
-18148898
-18174540
-18200112
-18225615
-18251046
-18276408
-18301699
-18326919
-18352069
-18377148
-18402156
-18427094
-18451960
-18476755
-18501479
-18526131
-18550712
-18575222
-18599660
-18624026
-18648321
-18672543
-18696694
-18720772
-18744778
-18768713
-18792574
-18816363
-18840080
-18863724
-18887295
-18910794
-18934220
-18957572
-18980852
-19004058
-19027191
-19050251
-19073237
-19096150
-19118989
-19141754
-19164446
-19187064
-19209607
-19232077
-19254473
-19276794
-19299041
-19321214
-19343312
-19365335
-19387284
-19409158
-19430958
-19452682
-19474331
-19495906
-19517405
-19538829
-19560177
-19581450
-19602648
-19623770
-19644817
-19665787
-19686682
-19707501
-19728244
-19748911
-19769502
-19790017
-19810455
-19830817
-19851102
-19871311
-19891444
-19911499
-19931478
-19951380
-19971205
-19990953
-20010624
-20030218
-20049735
-20069174
-20088536
-20107821
-20127028
-20146157
-20165209
-20184183
-20203079
-20221898
-20240638
-20259300
-20277885
-20296391
-20314818
-20333168
-20351439
-20369632
-20387746
-20405781
-20423738
-20441616
-20459415
-20477136
-20494777
-20512340
-20529823
-20547227
-20564552
-20581798
-20598964
-20616051
-20633059
-20649987
-20666835
-20683603
-20700292
-20716901
-20733431
-20749880
-20766249
-20782538
-20798747
-20814876
-20830925
-20846893
-20862781
-20878589
-20894316
-20909962
-20925528
-20941013
-20956418
-20971742
-20986984
-21002146
-21017227
-21032227
-21047146
-21061984
-21076740
-21091415
-21106009
-21120522
-21134953
-21149303
-21163571
-21177757
-21191862
-21205885
-21219827
-21233686
-21247464
-21261160
-21274774
-21288305
-21301755
-21315123
-21328408
-21341612
-21354732
-21367771
-21380727
-21393601
-21406392
-21419101
-21431727
-21444271
-21456732
-21469110
-21481406
-21493618
-21505748
-21517795
-21529759
-21541640
-21553437
-21565152
-21576784
-21588332
-21599797
-21611179
-21622478
-21633693
-21644825
-21655873
-21666838
-21677719
-21688517
-21699231
-21709862
-21720409
-21730872
-21741251
-21751546
-21761758
-21771886
-21781929
-21791889
-21801765
-21811557
-21821264
-21830888
-21840427
-21849882
-21859253
-21868540
-21877742
-21886860
-21895894
-21904843
-21913708
-21922488
-21931184
-21939795
-21948321
-21956763
-21965121
-21973393
-21981581
-21989684
-21997703
-22005636
-22013485
-22021249
-22028928
-22036522
-22044031
-22051455
-22058794
-22066048
-22073217
-22080301
-22087300
-22094214
-22101042
-22107785
-22114443
-22121016
-22127503
-22133906
-22140222
-22146454
-22152600
-22158661
-22164636
-22170526
-22176330
-22182049
-22187682
-22193230
-22198692
-22204068
-22209359
-22214565
-22219685
-22224719
-22229667
-22234530
-22239307
-22243998
-22248603
-22253123
-22257557
-22261905
-22266167
-22270344
-22274434
-22278439
-22282358
-22286191
-22289938
-22293599
-22297174
-22300663
-22304066
-22307383
-22310614
-22313759
-22316818
-22319792
-22322679
-22325479
-22328194
-22330823
-22333366
-22335823
-22338193
-22340477
-22342676
-22344788
-22346814
-22348754
-22350607
-22352375
-22354056
-22355651
-22357160
-22358583
-22359919
-22361170
-22362334
-22363412
-22364403
-22365309
-22366128
-22366861
-22367508
-22368068
-22368543
-22368931
-22369233
-22369448
-22369578
-22369621
-22369578
-22369448
-22369233
-22368931
-22368543
-22368068
-22367508
-22366861
-22366128
-22365309
-22364403
-22363412
-22362334
-22361170
-22359919
-22358583
-22357160
-22355651
-22354056
-22352375
-22350607
-22348754
-22346814
-22344788
-22342676
-22340477
-22338193
-22335823
-22333366
-22330823
-22328194
-22325479
-22322679
-22319792
-22316818
-22313759
-22310614
-22307383
-22304066
-22300663
-22297174
-22293599
-22289938
-22286191
-22282358
-22278439
-22274434
-22270344
-22266167
-22261905
-22257557
-22253123
-22248603
-22243998
-22239307
-22234530
-22229667
-22224719
-22219685
-22214565
-22209359
-22204068
-22198692
-22193230
-22187682
-22182049
-22176330
-22170526
-22164636
-22158661
-22152600
-22146454
-22140222
-22133906
-22127503
-22121016
-22114443
-22107785
-22101042
-22094214
-22087300
-22080301
-22073217
-22066048
-22058794
-22051455
-22044031
-22036522
-22028928
-22021249
-22013485
-22005636
-21997703
-21989684
-21981581
-21973393
-21965121
-21956763
-21948321
-21939795
-21931184
-21922488
-21913708
-21904843
-21895894
-21886860
-21877742
-21868540
-21859253
-21849882
-21840427
-21830888
-21821264
-21811557
-21801765
-21791889
-21781929
-21771886
-21761758
-21751546
-21741251
-21730872
-21720409
-21709862
-21699231
-21688517
-21677719
-21666838
-21655873
-21644825
-21633693
-21622478
-21611179
-21599797
-21588332
-21576784
-21565152
-21553437
-21541640
-21529759
-21517795
-21505748
-21493618
-21481406
-21469110
-21456732
-21444271
-21431727
-21419101
-21406392
-21393601
-21380727
-21367771
-21354732
-21341612
-21328408
-21315123
-21301755
-21288305
-21274774
-21261160
-21247464
-21233686
-21219827
-21205885
-21191862
-21177757
-21163571
-21149303
-21134953
-21120522
-21106009
-21091415
-21076740
-21061984
-21047146
-21032227
-21017227
-21002146
-20986984
-20971742
-20956418
-20941013
-20925528
-20909962
-20894316
-20878589
-20862781
-20846893
-20830925
-20814876
-20798747
-20782538
-20766249
-20749880
-20733431
-20716901
-20700292
-20683603
-20666835
-20649987
-20633059
-20616051
-20598964
-20581798
-20564552
-20547227
-20529823
-20512340
-20494777
-20477136
-20459415
-20441616
-20423738
-20405781
-20387746
-20369632
-20351439
-20333168
-20314818
-20296391
-20277885
-20259300
-20240638
-20221898
-20203079
-20184183
-20165209
-20146157
-20127028
-20107821
-20088536
-20069174
-20049735
-20030218
-20010624
-19990953
-19971205
-19951380
-19931478
-19911499
-19891444
-19871311
-19851102
-19830817
-19810455
-19790017
-19769502
-19748911
-19728244
-19707501
-19686682
-19665787
-19644817
-19623770
-19602648
-19581450
-19560177
-19538829
-19517405
-19495906
-19474331
-19452682
-19430958
-19409158
-19387284
-19365335
-19343312
-19321214
-19299041
-19276794
-19254473
-19232077
-19209607
-19187064
-19164446
-19141754
-19118989
-19096150
-19073237
-19050251
-19027191
-19004058
-18980852
-18957572
-18934220
-18910794
-18887295
-18863724
-18840080
-18816363
-18792574
-18768713
-18744778
-18720772
-18696694
-18672543
-18648321
-18624026
-18599660
-18575222
-18550712
-18526131
-18501479
-18476755
-18451960
-18427094
-18402156
-18377148
-18352069
-18326919
-18301699
-18276408
-18251046
-18225615
-18200112
-18174540
-18148898
-18123185
-18097403
-18071551
-18045630
-18019639
-17993578
-17967448
-17941249
-17914980
-17888642
-17862236
-17835761
-17809216
-17782604
-17755922
-17729172
-17702354
-17675468
-17648513
-17621491
-17594400
-17567242
-17540016
-17512722
-17485361
-17457932
-17430436
-17402873
-17375243
-17347546
-17319782
-17291951
-17264053
-17236089
-17208058
-17179962
-17151798
-17123569
-17095274
-17066913
-17038486
-17009993
-16981435
-16952811
-16924122
-16895368
-16866548
-16837664
-16808714
-16779700
-16750621
-16721478
-16692270
-16662997
-16633661
-16604260
-16574796
-16545267
-16515675
-16486019
-16456299
-16426516
-16396670
-16366760
-16336787
-16306752
-16276653
-16246492
-16216268
-16185981
-16155633
-16125221
-16094748
-16064213
-16033616
-16002956
-15972236
-15941453
-15910609
-15879704
-15848738
-15817710
-15786622
-15755473
-15724263
-15692992
-15661661
-15630269
-15598817
-15567305
-15535733
-15504101
-15472410
-15440658
-15408848
-15376977
-15345048
-15313059
-15281011
-15248905
-15216739
-15184515
-15152232
-15119891
-15087492
-15055035
-15022519
-14989946
-14957314
-14924625
-14891879
-14859075
-14826214
-14793296
-14760320
-14727288
-14694199
-14661053
-14627851
-14594592
-14561277
-14527906
-14494479
-14460996
-14427458
-14393864
-14360214
-14326509
-14292748
-14258933
-14225062
-14191137
-14157157
-14123122
-14089033
-14054890
-14020693
-13986441
-13952135
-13917776
-13883363
-13848897
-13814377
-13779804
-13745177
-13710498
-13675766
-13640981
-13606144
-13571254
-13536312
-13501317
-13466271
-13431173
-13396022
-13360821
-13325567
-13290263
-13254907
-13219500
-13184042
-13148533
-13112974
-13077363
-13041703
-13005992
-12970231
-12934420
-12898560
-12862649
-12826689
-12790680
-12754621
-12718513
-12682356
-12646150
-12609895
-12573592
-12537240
-12500840
-12464392
-12427895
-12391351
-12354759
-12318119
-12281432
-12244698
-12207916
-12171087
-12134211
-12097289
-12060320
-12023304
-11986242
-11949134
-11911980
-11874779
-11837533
-11800242
-11762905
-11725522
-11688095
-11650622
-11613104
-11575542
-11537935
-11500283
-11462587
-11424847
-11387063
-11349235
-11311363
-11273448
-11235489
-11197487
-11159442
-11121354
-11083222
-11045048
-11006832
-10968573
-10930272
-10891928
-10853543
-10815116
-10776647
-10738136
-10699584
-10660991
-10622357
-10583682
-10544966
-10506209
-10467412
-10428575
-10389697
-10350779
-10311822
-10272824
-10233787
-10194711
-10155595
-10116440
-10077246
-10038013
-9998742
-9959432
-9920084
-9880697
-9841272
-9801809
-9762309
-9722771
-9683195
-9643582
-9603932
-9564245
-9524521
-9484760
-9444963
-9405129
-9365259
-9325353
-9285411
-9245433
-9205420
-9165371
-9125287
-9085167
-9045013
-9004823
-8964599
-8924340
-8884047
-8843720
-8803359
-8762963
-8722534
-8682071
-8641575
-8601046
-8560483
-8519887
-8479259
-8438597
-8397904
-8357178
-8316419
-8275629
-8234806
-8193952
-8153067
-8112149
-8071201
-8030222
-7989211
-7948170
-7907098
-7865996
-7824863
-7783700
-7742507
-7701284
-7660032
-7618750
-7577439
-7536098
-7494728
-7453330
-7411903
-7370447
-7328963
-7287450
-7245909
-7204341
-7162745
-7121121
-7079469
-7037791
-6996085
-6954352
-6912593
-6870806
-6828994
-6787155
-6745289
-6703398
-6661481
-6619538
-6577570
-6535577
-6493558
-6451514
-6409445
-6367352
-6325234
-6283091
-6240925
-6198734
-6156520
-6114281
-6072020
-6029734
-5987426
-5945094
-5902740
-5860362
-5817963
-5775540
-5733096
-5690629
-5648140
-5605630
-5563098
-5520545
-5477970
-5435374
-5392757
-5350120
-5307462
-5264783
-5222084
-5179365
-5136626
-5093867
-5051088
-5008290
-4965473
-4922637
-4879781
-4836907
-4794014
-4751103
-4708173
-4665225
-4622259
-4579276
-4536275
-4493256
-4450220
-4407166
-4364096
-4321009
-4277905
-4234785
-4191649
-4148496
-4105327
-4062143
-4018942
-3975727
-3932496
-3889250
-3845988
-3802712
-3759422
-3716117
-3672797
-3629463
-3586116
-3542754
-3499379
-3455991
-3412589
-3369174
-3325746
-3282305
-3238851
-3195385
-3151907
-3108416
-3064914
-3021399
-2977873
-2934336
-2890787
-2847227
-2803656
-2760075
-2716482
-2672880
-2629267
-2585643
-2542010
-2498367
-2454714
-2411052
-2367381
-2323700
-2280011
-2236313
-2192606
-2148890
-2105167
-2061435
-2017695
-1973948
-1930193
-1886430
-1842661
-1798884
-1755100
-1711309
-1667512
-1623708
-1579898
-1536082
-1492261
-1448433
-1404600
-1360761
-1316917
-1273068
-1229214
-1185356
-1141492
-1097625
-1053753
-1009877
-965997
-922114
-878227
-834336
-790443
-746546
-702646
-658744
-614839
-570932
-527023
-483111
-439198
-395283
-351366
-307448
-263529
-219609
-175688
-131767
-87845
-43922
-794992
-3958644
1786508
-1238104
3312041
263933
4333343
710766
-598668
-2373922
-1496591
1687959
1088565
3203708
-796803
4246676
2388129
5070519
4090651
323590
-1048662
2038762
633977
-1374504
5461261
-726431
1642975
-125365
4913268
4335797
-3053330
1269373
-19275
2953025
-2811794
306656
989917
5325654
5698505
347659
-2311792
3174147
3001314
-864443
-1791017
4548367
-2247229
1112085
-2114485
743320
4150563
2183531
5514779
2300580
3827574
523015
3162595
4748642
3101920
4307002
3479230
1086081
-1611196
5405247
5696095
-1433313
6800902
2766369
7020028
3715815
-912848
5808316
2594004
4317979
1844883
770294
-663253
1940673
-1025962
5388041
2572619
-818904
1387285
5703367
4696416
5424419
4161124
7062473
6384708
2926634
8060121
1939461
6222659
2039808
4432693
6545828
8289639
5076426
7873757
5649908
7637360
2195504
1836067
3861663
5458286
1836086
4915575
7025740
3269973
8963686
816066
434318
4442458
3584956
1531958
1275544
7643960
8554951
8861977
5281666
7127751
1214378
924144
7770584
2907847
6341271
9394024
4486405
5564877
7112000
3951235
5789355
4633583
1647036
5070997
2473507
8363688
2495687
9962038
3881851
10297263
2565659
8241460
4266489
7248995
9795044
6870801
5770506
8595289
5339230
9611345
6984812
9362665
9935978
9511694
4803544
6289759
8241231
3176917
8446715
3645772
8230873
10691138
6995661
4670342
6869425
4543538
7187384
9254899
8995143
6873074
4397349
3122376
9471453
10935398
6230693
7237519
10213975
12129477
10675901
11101602
5788488
5551826
8346182
6320797
6550164
12016737
4592663
7313640
4096186
3788541
10655589
3773429
9116609
8128203
5107715
10829502
11767267
6861453
8690219
7190299
12143347
11031117
11948414
10556508
6926107
7990880
13289549
7903367
8915094
11542260
13003371
11748306
4689807
10636199
5437781
4759711
9478810
7272845
11600588
13082231
10552447
11560052
6911797
9235457
5909903
11496700
11069780
7452505
13620136
11112390
8406338
9830563
12119618
9424184
12547882
12386252
13580181
7987393
9066548
10144076
12144142
8158171
12640927
12956394
5941841
9526083
11993997
6726730
11006826
6722876
7688123
6529303
13384386
10343743
10434017
7688744
8672279
10072250
13610945
9851636
11693238
10620275
10537046
7372824
15127025
7421126
14140657
7539799
12602945
13410839
13553736
13596329
12110044
7488373
11942272
11177253
13336101
14153894
7830420
11455132
10845347
10729914
10423815
15704334
8048134
15686388
14260659
9406290
8399654
15624798
15744328
8884057
8085032
14834353
16337175
11356751
14386961
15148895
16553285
12907311
11250246
16258277
10838633
11262032
8804043
13390530
8605244
14167967
14627365
15147585
14769498
10549451
16140491
13968716
17308468
15285029
15628696
8917525
9573755
16178206
8907813
14682210
10868298
16189150
10811808
10820252
11680737
15176937
9162079
9263230
10524043
10711158
13190869
13775314
13285845
13214880
16160106
17242281
17630762
15764354
12580277
16022976
13741891
12251300
16875537
13054122
14871555
18231620
11545537
16640271
15207656
10345379
16215587
12509317
14791758
13236473
12285686
16466499
10550631
10519351
17068343
13278339
14761381
14435159
10965537
17482621
11633598
18856810
16765195
16195216
14988103
17630191
13513681
15925963
16238202
14255053
17197144
16406426
16848149
17564704
17556407
13502135
10968348
17652879
12269310
16688978
19465741
18932720
14768817
19605961
11286830
14982592
17041249
19072262
16812993
11720892
16474284
19700160
16805727
18254949
17232839
15770124
17734858
17452014
18081899
12507379
12727794
14551885
15291454
20562313
15114314
19858520
17041158
15107602
16355318
20226913
20382716
13992261
20534766
16300061
13325299
17800583
17706463
12457626
19808885
18003380
14598175
16875160
13170139
15995465
14482138
13611223
16335174
16793494
14260438
17266580
14292986
15982668
12793052
15562928
21288539
15566307
13390104
18336257
15688091
21054261
19406951
14954302
20800370
21068372
20281604
15609172
16801451
15623845
17721622
21014355
15332079
16368193
15437920
18240227
17863961
20921035
20332561
16125387
20111197
13518839
22036406
16129585
17503179
20689278
15917823
21561538
14768878
19442716
18440281
21889410
14938790
13892984
15157066
20411844
20611492
21049508
14913308
21322888
17355963
15232334
17881219
19859582
20907833
17304655
19426254
17279503
19496355
14405906
21165242
18251464
14472728
20828513
22333902
22917048
14221978
14672406
20304204
20436820
20828819
16478219
15616292
14751307
14513456
22960001
19484874
14449836
18526554
18714712
19875602
19172524
15914087
18122118
17514860
21697502
15187699
22828182
22934247
16213102
18572879
15654050
16738923
21878241
20577977
23141866
22447902
17676557
15528365
18351253
16030595
21381220
18373888
23011280
18217997
16833938
17173200
20436820
22566957
17178143
16630083
17360045
16873589
19158238
23015250
20174243
20905080
22057282
17598681
20208904
15403133
16838204
24096974
16114178
19072540
24007478
18224343
23986682
21732111
22589665
23245509
18048055
16238116
23232270
20658169
21240803
20666027
21031855
17823606
16499773
16148994
24075801
16474728
24749269
19451457
20255724
17158388
17885029
15905143
22440390
17887677
24272991
23113626
21586383
16948459
22060666
18200494
22564783
23591595
17276951
24610046
23057817
16248117
18076110
18971185
20842707
23842934
20541621
16546041
22241528
21698797
22488794
23054444
21868210
17412287
16562244
24487110
22099109
21706264
16833337
17428743
19913484
24224921
23514589
20974479
18922196
22873171
18880818
21747665
24447439
17108594
23462531
20031706
25242973
19537390
23481972
24942156
22635390
20427155
22590625
18889940
21774111
20043221
25261009
21556018
24536999
17161695
18402320
19610854
21005109
22965482
24489091
23698179
25781819
24065884
17923211
25504971
24665825
17700437
18129727
25158601
20017804
25670401
20541602
25802123
17418849
23439515
25024611
21741518
25655936
23862840
24521227
20059110
25057321
21717485
17468376
24097527
22088354
23561826
20031567
19704586
26129848
24721182
18415224
19468733
23864665
18832941
23256691
20045228
18178500
22702337
17343604
19955065
22468610
19187517
20475644
18824857
23037612
21363145
22182925
23972154
19705869
23824537
24314806
25447408
23678584
24406217
21124439
24034970
21036800
23822002
26060695
25107314
24175544
24478064
24080754
26229258
20486173
25042592
23864011
25369089
23950453
23232948
24725009
22126233
19946739
24120465
22571504
19695868
21815799
22950295
21556668
26142066
20556269
24246430
19481251
17838322
24404380
23854276
23929553
25145211
24490999
18644418
19397446
17849024
17916946
18781917
24901719
20421989
25120420
23982563
26171422
20420502
25416715
23822282
23430112
22225224
19392437
24502954
22787516
18473079
25170635
24724963
19608642
20429007
24867747
20961464
25872169
22425426
26749461
25339929
25207264
19684538
23424360
22792117
25358287
22756452
22225488
19725959
26632475
23908444
24325560
21000041
24927035
26348159
24175452
24976545
18623543
18233218
21032715
26263282
25276574
19004934
19675571
18770093
23435245
25629922
21034474
26316670
18200414
21956374
20678724
21593589
21442692
22371262
25974007
23154700
25903628
18682390
26539005
20007044
25567639
26663162
20549875
26496236
25369471
22767964
20912625
20111055
24135262
23817003
21955243
25356370
20374783
22860969
20126970
21537208
20086884
19921014
20160864
24442663
24910004
26227271
22337441
26640608
20901437
26074646
26341757
19581617
19275590
21981078
22203361
22853767
23720224
19078583
19487701
21262215
22894226
18375892
25407145
21563667
24510849
25136374
21919211
22871993
18514151
24447198
26421423
24362361
19708145
19020343
26640280
18238586
19482481
18544136
22539965
22402547
24694041
22375735
20671318
23213191
19237786
20107127
23103179
20504449
19393199
26506888
19672309
22478013
20748393
25371475
24033768
26210220
19829395
20419147
22455302
24484280
23737307
26254158
18461416
17801834
20384279
22369671
19918552
24906922
19780747
20743349
18026031
23857434
19025267
24365143
25162432
21257197
20760671
23773438
25894594
19661313
17883696
20768926
22201448
17730997
23118794
18222544
21085715
19108334
19071249
25981727
19254778
24242471
18397033
20550513
24880748
18204804
19963895
24188190
19025088
20038179
19620742
17283487
18110474
21167104
23367421
20095017
24839199
24533046
21630941
22919743
17214212
24442385
17580639
21804912
24804150
17593204
21509228
19936822
19699330
24117416
17827042
21851702
23639066
17442189
21675532
18052872
23997782
24940173
21170766
17815381
24071068
18150259
21006416
24739692
17778515
22467838
24548615
17746444
22981696
18826592
19454353
25448750
18916424
21570356
25142878
22605121
18144494
20957169
19146079
20561350
22911392
22537898
22982912
24897279
23631375
24681516
25070793
25145470
17014791
24599609
21056899
20186510
22619540
21247068
23862412
20369429
17757245
18367319
20452162
21451029
21211763
16908236
19843351
17668606
19225647
21485491
19227197
23751728
20153730
18400094
21829477
23188750
19057684
17153005
17007740
21028100
18848056
19727695
19598392
23336806
22923616
24281090
20588257
18014468
16188170
23301166
18003722
16080780
19980530
20261343
21213694
18297289
19711453
23309502
19998104
16450810
22447559
21164870
23827452
16510508
23120872
15680689
22073587
20617668
23095621
17976861
22903698
15955051
21835526
20682070
16282403
22536043
21961197
15526617
18571756
23582741
22145415
16973388
22081539
18315661
16343027
20356850
16863854
21261091
19678438
19232278
21368059
16250902
20386656
22865672
22789413
21846595
23550894
23681569
21275238
18989417
21737503
21291693
19280315
16604247
16904918
22320709
15196194
18140019
17624104
21027535
16767058
16453316
15208707
20465120
17391883
17013557
15482553
16566860
18790722
15946723
19070533
21277795
17706897
18896753
19687864
19314033
19728129
15355173
18468489
14797220
18328135
18922333
19247065
17765550
18726791
14767974
19630021
20150480
21479404
21940024
20389376
18296921
18287488
21629274
14345181
17129048
18138929
21551454
18112325
21746666
13960726
16939104
19535018
17142701
21155857
20874567
17728018
16922253
19651630
15490395
21854488
15776660
18369711
16778802
13890193
20702677
14203534
17731837
13312297
18806384
18852660
14734882
15776639
17692372
19290055
19945218
19795936
13638901
18665403
18390091
21433704
21479906
19802853
19018775
17679242
19874112
18981226
20747548
16535698
16503730
12821577
12969992
20684303
14898234
16921410
17117080
21361850
16000216
17149153
18503924
12952753
15842304
16952027
17503044
15177815
17405868
20798136
12808096
14972203
19865518
14502739
20435669
16838061
14632222
16059926
13248794
16473867
16987456
13079422
19863675
12104478
14120539
14537974
18738876
13733958
14546949
13109469
11588696
19919325
12768196
17293764
13020182
15138723
14602267
11421943
12698205
19445305
14377682
15917577
17592192
15327704
13094181
16710335
11264328
16689132
11402648
13094584
14246430
12049537
11299754
16979809
16352595
12786684
13115835
17682353
15743369
16831699
14445986
16174809
13759894
14074471
15655853
16292059
10638902
12802568
12485112
17827902
10947459
11560685
17447262
15081138
11583979
12093803
11853086
14764693
16853472
11759564
15716254
15058034
18109042
18521903
10312771
10345215
10307312
15184871
11539660
10132856
11368722
16659466
15020862
9480657
15639406
11044421
17310606
9906229
11080764
12217328
9341826
9379758
12612238
14175294
18001825
10894976
12381679
16677945
17761051
13268298
9540930
11435051
9853754
12139314
16264001
14522965
8885286
12031453
11202858
9123803
9707414
12311981
11582971
16269816
14052712
15183447
9078127
8387117
10969691
8217257
10449402
16437946
9161984
9005424
16325454
15170062
16549001
16804864
8418340
8872721
13299277
8260526
11073746
14572637
12900864
10842905
11555582
8291416
9933711
12218222
11760512
11702941
11047439
9597101
15213433
11257012
14516379
9027269
9405747
10717337
14236605
13333917
9488918
10979445
15049308
13652405
11869900
11774333
6787205
9573043
8043919
12571779
15507162
10504749
9989108
9439538
7216897
12816217
9725260
6573603
11578281
14151153
8788232
14107414
7289861
12237833
10460183
12904325
7811915
7384400
9721559
12868300
14563876
8286595
6182669
14367017
8538483
10304778
11085010
12182393
6652201
8209763
10313681
12661420
6645189
8377463
6502128
11680311
10305882
13809737
13128982
12605004
5474053
6538027
8362352
11186575
10631647
10136172
9437868
10933355
12920140
13367213
9005014
12133765
6451273
10793002
8484707
5653187
11679585
12132831
9427796
12563430
11070000
11976208
4857112
8366880
10260364
4577173
5943476
6094651
5759087
4874128
7743536
8432965
4222408
9764745
6402692
6425983
7607975
10394235
4423861
10073091
10420981
9916294
6671845
4851412
4037444
3990971
4548939
6285362
8193874
7401179
3457827
3151990
9581652
3259326
9775181
6200643
8427335
10330988
5486146
6974185
10652217
2637848
6096987
11059185
8384580
8026223
7276023
10208496
4679059
5516175
6874005
6231013
4018644
8812619
8315004
3118860
2241413
3625946
6778040
3149077
10032143
9040173
10559183
3418944
6205009
6370700
4400387
6199854
4392046
6046786
9952710
4354194
2014005
1291085
2957578
5549285
2575693
8964136
8845102
4520929
4471141
6481994
8144681
9640380
3773118
3500342
6839009
9007425
2775985
2205553
8630835
8065918
900140
8027941
1420873
1053085
5742045
5416823
7459335
8296403
6921724
2628677
5120305
1980780
6593029
7337291
4842389
5649223
7482845
7115283
7650363
8324009
2150150
6475531
5086782
7609548
2620792
4677201
1622648
-39327
6606712
4869610
6301592
3206387
7290831
592174
4763344
553863
2323144
7571890
5358863
3028267
-1003876
6603090
4845367
3827906
4956687
4998891
-871986
316629
-97571
3284012
6328573
1993714
1928009
536502
1033102
1091038
-128727
6539080
2022954
5908424
-300018
4862175
4740572
5061753
1744509
-246820
-446412
2478301
5979741
1213388
-968850
279207
-1785777
5377523
1998985
2851396
-1111609
4390595
-3019014
915448
5023536
-691952
5372750
-2834846
14522
-1498344
74834
-1251677
97617
790
-2675259
712908
3642997
-2968065
-932001
-3564860
-3749324
4364653
-2637980
2820561
-128860
-3174725
-671306
-2379504
3115846
-524507
2169865
-1176552
491093
2451177
-2005466
1169046
3043510
4009148
-2870955
1439225
-3350245
-4556354
3575037
-4636126
-3632159
-2898352
509886
1652383
3230851
2517406
2964229
-5112701
3669161
-2765040
1686452
3576332
-1825379
-1444671
-2187283
-4371168
-4572649
1217055
-3030691
508398
-3315766
-200682
1801536
1985231
-918276
-3358532
-2178026
-5725918
1425541
-1966043
-28791
-2776578
452613
-4986916
-4162739
1132605
1560427
-2757218
-1233740
-1850527
1388208
-827536
-3643430
-1299377
-1161661
-4094832
-6534386
-2454455
-1768654
-155102
-6739752
-5715924
-3531722
-7017149
-4919100
-6221012
-3096012
-48934
1285986
-5407950
-3895296
-544295
-7393780
-3949920
-5260701
-4029690
-3966225
-938408
-3169360
-5235865
-2824641
-5591841
-4354149
-2052
-1189698
-1906086
-7741739
-6551385
-5203179
-6722960
-6792180
470170
-116004
-4469271
-104418
-4191467
-5512019
-5280743
-7220368
-5588893
-2431072
-3594223
-1896433
-7655214
-5995182
-1137475
-6242879
-6350465
-5651773
-7277903
-2828981
-2865115
-8172499
-7277481
-1390239
-831830
-714868
-8809656
-964378
-1952208
-2657899
-9628533
-7774359
-6327494
-1271728
-5117245
-3878228
-8674025
-6604355
-7213636
-1580929
-4244698
-6227539
-3840169
-8006288
-7084156
-4456461
-2564801
-8382724
-2426438
-9575106
-4275391
-7031973
-7252547
-3368619
-6956165
-10201623
-5050703
-8275141
-6686524
-6350691
-9589532
-9756665
-6454755
-5151004
-10028073
-10385034
-3804137
-9462379
-6577278
-8597081
-2559429
-5434435
-8417280
-7609782
-4534287
-11489431
-4257592
-6955316
-6317436
-7779363
-2880614
-8429464
-3437642
-5936734
-7796723
-4135087
-5736701
-3938985
-6277008
-10972388
-4157296
-8573523
-11637135
-8091177
-4605589
-7179975
-6097213
-7314374
-5883733
-10601343
-5665735
-9710783
-4898734
-5801885
-12426239
-10221397
-11821864
-12627363
-6591067
-12236297
-8511072
-11984673
-9602291
-10585175
-9013920
-11341985
-5162997
-5064967
-4451070
-5162034
-5314076
-13156254
-9800590
-5415440
-12910456
-10515786
-12761380
-5325870
-10727481
-9611023
-10321767
-13308280
-5078345
-7794477
-12606244
-8350712
-6691859
-5239744
-5552486
-12923090
-10548045
-10386453
-9224769
-14269494
-11474136
-7505181
-10227805
-6066780
-6730971
-7156189
-9028398
-10333303
-14265912
-7754366
-5929920
-14750523
-8911265
-12065417
-9902193
-10042708
-10707717
-11972584
-9757113
-10970110
-7553171
-8845309
-13106225
-14457200
-7575852
-13170457
-10364780
-12016581
-13305339
-13165414
-7249357
-10392132
-13653690
-10506381
-7063443
-7415593
-10857130
-7317064
-15736273
-10501342
-13676676
-8000510
-9612101
-7706405
-14270308
-10219327
-10520523
-12736851
-9481753
-12937995
-15169551
-10902723
-11519395
-15395594
-11734596
-13927639
-13402353
-16030813
-12420756
-11311112
-13233727
-10515720
-10494577
-13129892
-10930819
-13701230
-15919139
-12084407
-15744078
-12478395
-12080788
-9746929
-14807375
-14290919
-15126664
-9598467
-8422346
-13980041
-11275010
-17075758
-17283082
-12502046
-15675636
-13929981
-9900217
-12662899
-13624791
-11273914
-11929047
-12566016
-17068771
-15362653
-17089455
-14314678
-17315702
-10886560
-12535294
-17337314
-10389047
-10412625
-17124943
-15677221
-11261022
-14548785
-12301416
-14594976
-14718936
-10722256
-13261972
-14923934
-15937827
-14372682
-12189012
-16440769
-16618242
-18569304
-13522329
-15098093
-12304518
-13960732
-12424870
-17541425
-14791041
-13136586
-18125233
-10410759
-13498904
-13541410
-11020317
-13108563
-11921321
-16293724
-12658679
-14642846
-12803768
-11964474
-15143830
-18420364
-17116166
-18074514
-16449029
-18649794
-13365868
-19369342
-15259901
-11556329
-12784199
-14032441
-18601344
-12270105
-11846946
-18415891
-12875815
-14058580
-16496980
-19662408
-16703507
-15797232
-11748897
-15530603
-11544023
-11968750
-17178030
-14318299
-13036254
-19198060
-14648388
-17157127
-12748593
-16958452
-19067443
-15358760
-17746949
-20303328
-15869904
-14303151
-20275835
-19215580
-13072062
-15728524
-16729495
-19887910
-19941378
-20647127
-18640864
-19956297
-14996787
-17025132
-20777078
-17226786
-17356828
-19326575
-14174778
-16020929
-12636600
-21002185
-15058475
-20631989
-14046861
-20258866
-19339627
-12575515
-19385893
-19180241
-19437039
-13656096
-14816149
-16007358
-19662693
-21381785
-18183675
-17999522
-20522076
-21211350
-20831272
-15674151
-14131717
-17757063
-15820860
-18389607
-17289203
-14963385
-18474747
-20889054
-20803059
-15013466
-13797827
-18507729
-17216097
-21470943
-15174708
-20475761
-17668491
-19223442
-21806062
-16681889
-14495800
-15843188
-14521492
-15504348
-19233392
-18627099
-13974464
-16201519
-15444128
-13599196
-17598085
-21567275
-21734034
-16594208
-21063000
-22413690
-21867377
-19557912
-18892367
-19722674
-21920669
-16390488
-21626305
-20345831
-15137270
-18273036
-16609264
-22164421
-16817156
-15874235
-17708643
-17265351
-17274532
-18281138
-19172528
-22736163
-14900774
-14325301
-16253862
-17601180
-16774343
-17028833
-18521057
-20718423
-15326150
-22423620
-19934506
-19111551
-18905967
-19543301
-14889756
-17749764
-16954396
-19418290
-21493119
-18518988
-21641571
-17977256
-23414534
-19723771
-18285317
-22987433
-20295331
-21544411
-20359177
-15879519
-17507622
-19579568
-20840626
-23451105
-23870285
-23191711
-16957825
-17744062
-21200039
-15197229
-19465636
-23894199
-21820545
-20323554
-15733912
-18475498
-23540169
-15946183
-23414843
-22866163
-15672983
-17905862
-21922126
-16224162
-21197681
-16041271
-15632147
-15679289
-15996072
-23852850
-20776000
-16119879
-18949102
-17998345
-23834944
-16507574
-23246238
-16219700
-20200373
-17040100
-21284899
-17235213
-18434084
-20720584
-24464622
-16366392
-22962676
-16050370
-19297424
-17688036
-21173369
-21502418
-17813005
-23669642
-24917115
-18178872
-19511352
-20806463
-18724626
-22559810
-21013540
-21463186
-17116753
-19054162
-24863555
-17532287
-24856721
-22277840
-17519996
-20057787
-21138708
-24124547
-18967970
-19577314
-24106196
-22975381
-24655325
-19924740
-23649386
-22775040
-20459744
-20913581
-19771938
-18249136
-18320961
-17481595
-22965815
-21325688
-21436244
-19744016
-22061820
-25480164
-19308611
-21568454
-22322569
-21909717
-24428695
-23184160
-24730684
-22539345
-17658938
-19622642
-17065133
-19897823
-23239524
-17283536
-25259888
-21300871
-17728267
-18227461
-20753639
-18715169
-21283208
-16996015
-25069675
-25152114
-19099378
-20986137
-20810476
-22869305
-17770253
-22140442
-24549283
-18104397
-23618761
-19183476
-20543815
-21457339
-24054670
-25278324
-25452756
-23498091
-22388058
-23721551
-17915226
-25870841
-18114903
-18345790
-24127905
-17518703
-21674599
-21413186
-19722417
-17379455
-20284570
-23170700
-21548155
-17374600
-21303418
-22811212
-17621990
-24899051
-23719909
-25603214
-20192956
-17504942
-17917462
-17548410
-20189302
-23090198
-20881308
-21821616
-20324713
-17611743
-22725070
-17787865
-18227178
-18732285
-25051007
-25224231
-25973237
-26159072
-18481929
-19180435
-17785880
-19992994
-19463577
-23246933
-23962515
-19171792
-19809649
-19663742
-22579989
-19420480
-23876352
-23322158
-22347493
-19834076
-22906501
-19451789
-24207902
-20822259
-18777650
-20731584
-26591119
-23706403
-22174233
-21753660
-20551260
-21635888
-19960251
-23094468
-26427572
-20065848
-18508159
-24679274
-17859737
-21220758
-21288319
-22404785
-19381421
-26567107
-22291395
-19396716
-23476734
-24837076
-22328532
-18041736
-23092684
-25341204
-25053605
-25264447
-24976744
-19788981
-24208814
-21932060
-26360812
-26430094
-18891834
-20415560
-20830930
-23241643
-17996675
-19544910
-23436325
-25878162
-24192019
-26687510
-22314966
-21601965
-23443610
-19224344
-23312102
-26217809
-21317878
-23943621
-24666838
-21768674
-18956664
-24848516
-21955701
-25361777
-19715129
-19788636
-23795995
-20719654
-21970206
-24055303
-21613455
-20843452
-21406086
-25781318
-18390521
-19789908
-21887368
-19402210
-18018864
-20422361
-18370188
-20080569
-24510565
-19851787
-20290263
-20217231
-26214244
-20991531
-17903495
-18963757
-20145077
-20850635
-19280098
-18034583
-25552843
-22860651
-25178243
-19505108
-21303128
-20068480
-20267550
-19959349
-24334189
-18982073
-26308680
-20857413
-23685971
-19147167
-21714016
-24163286
-21739610
-21719670
-21940237
-25116556
-24932886
-20821791
-19983097
-25277607
-18307543
-26462286
-24924424
-23885525
-18074331
-20921881
-24172545
-18889566
-18150760
-23894929
-22883359
-19156912
-23545929
-25804374
-21977168
-25799775
-26515617
-18390488
-20552916
-26469549
-19079340
-24719132
-19301030
-20242534
-26150790
-25643467
-24016729
-23953717
-18254460
-23327720
-23560579
-19844076
-21090163
-20430270
-23559034
-23390728
-18337322
-18663056
-26288176
-20194430
-19469209
-17891996
-20679484
-25574708
-18974987
-26224573
-20512844
-18386024
-21609927
-22106283
-26254108
-22680626
-24750552
-26074718
-23523170
-18669164
-23685312
-20870221
-26172388
-20200819
-22895100
-23636006
-19693209
-18511699
-18193876
-24422429
-24865507
-21931781
-23642776
-24945573
-22146459
-24800332
-23924810
-18325527
-24364111
-17682328
-24782017
-19166206
-20299269
-22414184
-23744040
-20615842
-17983153
-20085167
-19206591
-23124461
-25480508
-20964790
-17364826
-19489179
-21807363
-24647773
-18867558
-25661169
-21934178
-25876421
-18219982
-21894793
-21748318
-24429172
-21551085
-25256605
-21980037
-19335576
-18168476
-20623894
-24881855
-20587405
-23627035
-21085219
-19217128
-25453692
-22062866
-25260236
-25727953
-21492599
-18615012
-21218420
-25123513
-18575449
-19322982
-22740135
-18020776
-20863600
-17603943
-22082712
-23202429
-21986072
-16911925
-17363420
-19218386
-23679810
-17950091
-18417748
-21554238
-17258389
-23229426
-20476557
-19077518
-25321615
-23398442
-20211233
-24602615
-24914793
-22314069
-18873495
-20869504
-17164967
-19682760
-24007116
-19849784
-16910195
-20248166
-20305640
-19453901
-18035919
-22170998
-17964282
-19611540
-17137200
-19725886
-21715587
-17677019
-21319798
-23554659
-17275331
-16488873
-19142103
-18100206
-20955628
-19264331
-22665986
-16309821
-16943931
-22270747
-19091946
-23560942
-20505964
-23617249
-22556924
-20828657
-24065514
-17707364
-21351349
-19224225
-23157640
-18844244
-21042837
-21039799
-16344489
-23113797
-23904294
-17425169
-17388320
-20806443
-19706705
-20273603
-20310212
-23290919
-15462610
-22146014
-19504794
-15816007
-16843543
-16290400
-17273234
-23832351
-22813814
-19501854
-22640802
-20302626
-15392431
-23223237
-18123575
-21517543
-21027773
-15542822
-22584356
-21134040
-16183562
-15409897
-19486447
-18220214
-17984208
-22072565
-19736305
-23327670
-20512712
-23765969
-16802007
-17619592
-22940253
-23163643
-19534803
-18052454
-19079301
-22555768
-15014672
-22295594
-18221355
-15448437
-15652011
-21601254
-22617903
-20643762
-20059855
-19708550
-15090430
-16174541
-18563001
-20602549
-17307007
-17452939
-18942512
-14909918
-22073487
-20255118
-19840787
-14417095
-21080810
-18490484
-16599902
-22427895
-20218415
-19525488
-21886304
-21305740
-21027584
-16733017
-16547025
-17013351
-19630970
-16223260
-18973346
-20091802
-17213594
-13935823
-17971049
-19651518
-18855280
-14159462
-19051975
-20500637
-20224937
-19475789
-19173440
-18771939
-17499619
-13550403
-14560004
-14677533
-17491866
-15787915
-15021560
-14910223
-15522876
-15347346
-14055713
-16488345
-19649490
-20383865
-18573767
-18497900
-19838668
-20768391
-20551783
-17160693
-18568515
-14290131
-18483048
-16124550
-14022126
-18447883
-19150410
-14656986
-17523090
-14533770
-14191349
-16805731
-14676588
-20964462
-16446956
-12445950
-14342587
-20247984
-18150007
-19117825
-13657871
-13419255
-19819067
-15320130
-13009828
-16073085
-19438933
-15207269
-14717893
-14516994
-12490347
-20826296
-20609280
-17438793
-17242255
-20174767
-12978523
-18869130
-13812138
-20534446
-20083190
-14806948
-15652806
-14671823
-13949294
-16497824
-16690973
-14186267
-14390819
-11735015
-12206458
-17380337
-16556579
-14847221
-12401173
-19631270
-11732801
-18313395
-19258181
-18625251
-16632553
-13215053
-15506135
-14482611
-16118317
-11406028
-11909174
-14160591
-13492542
-11498341
-17270553
-11623083
-13733056
-14052359
-16080008
-18018413
-17888081
-16587992
-17405097
-12114561
-14911731
-14655101
-11216825
-11603772
-12646802
-16457972
-13312625
-15271758
-12429330
-17003510
-17812885
-16625971
-11925982
-15027653
-11672893
-12884472
-18815114
-17813303
-12915038
-11931259
-13803518
-12838445
-17591559
-17605384
-12086073
-10454212
-12479941
-11571003
-14502781
-13201541
-16937269
-12222243
-10764886
-12872889
-12962768
-10748756
-17666772
-14914609
-9992879
-17471038
-13626656
-17055559
-10207271
-14079980
-14599278
-13043229
-9144351
-17469462
-11617718
-14625487
-16190081
-9395184
-16527969
-9130233
-9520202
-16483988
-8717380
-9341435
-9830884
-16515700
-11906863
-12063439
-10840245
-15323036
-13120040
-14504818
-15330730
-16071812
-14817655
-8595287
-14381949
-15534348
-11565276
-13150601
-16079976
-8588438
-10378499
-14488706
-15162114
-14182094
-8989302
-8773456
-9446236
-13382000
-12432878
-10799654
-16142483
-12377269
-7633720
-14720405
-13384091
-11427836
-8109693
-14962303
-8500250
-13758674
-12258900
-7101218
-12528306
-13077518
-9001133
-15130632
-11880947
-13728422
-11654628
-6996425
-8152318
-8719586
-14866918
-12968437
-6826590
-13800284
-9673580
-8113408
-12014270
-14580536
-6711234
-6241806
-9883881
-12651625
-6767088
-9622868
-9780672
-12024889
-12258922
-8766558
-11737265
-12711197
-9722690
-9017781
-6959348
-5972947
-7237226
-6173556
-6502007
-7295305
-10848251
-13400530
-8548722
-14216852
-13138294
-12153256
-7005132
-9494219
-9828208
-9044910
-14017621
-11926937
-7229229
-11794303
-10227876
-11764651
-6074967
-5799690
-8566444
-5516873
-9958812
-5890705
-9064064
-13486884
-12431376
-11175879
-9914263
-5145911
-5793006
-9941235
-10094143
-9916277
-4625536
-10419061
-12871060
-11865697
-4467355
-11441189
-5889802
-12678895
-4973365
-8735527
-11735601
-7912260
-10536484
-12099501
-9188393
-8662743
-4455742
-10646998
-9887031
-7989636
-6882240
-10941850
-3499664
-3511067
-6670221
-6064414
-4231945
-3458377
-10865737
-5719608
-11436453
-7356047
-9632215
-3590801
-10462360
-4914890
-9031928
-7276892
-5588042
-6099067
-7599075
-6160641
-4938250
-10600969
-3535019
-5603931
-10867311
-4046042
-3375013
-9791061
-5737405
-3229176
-7510803
-3024967
-2354435
-6720931
-10370016
-5556848
-3151087
-3990026
-3341963
-4035725
-5729302
-7296299
-3553239
-7403578
-2433561
-4469430
-9743165
-10129822
-8789297
-2051406
-8848471
-9854155
-9879916
-6568915
-7650489
-3081543
-6140070
-4344266
-8254929
-1123303
-5817993
-4578857
-9533656
-5289677
-4778236
-6451463
-6828319
-2804187
-8498192
-805600
-8693819
-8271111
-3952840
-6401653
-5914281
-6628000
-8505445
-750798
-8160840
-5548356
-5194672
56634
-599039
-7630840
-7420941
-3187138
-4444442
-6024272
-7739260
-5559880
-783032
245197
-7466745
-7185498
-4957225
-126648
-4967291
-302174
-1463611
-3473785
-2430014
-2224532
-3577100
-881710
-4197164
112102
-4532846
-4892716
-30830
-3703050
-6588886
-2455435
-448872
-4250026
-4254744
-5654508
-5234408
-6033778
-2155177
-691358
-2570600
-1717851
1537391
-4942431
854371
-643427
-5821525
-3188294
-2081945
920239
-4749701
-1064094
426019
1833484
850655
1036350
-5494768
2198892
-5002298
560068
-788911
-831295
-5829684
1323391
1904064
-4442581
1125137
-2634286
650401
-3016861
-1575315
-3608777
-218299
-26285
-4551901
-569440
2518451
2702726
-5044552
-954800
1020379
3339737
-3965319
-3669550
1494685
3157089
3118931
-207865
-1520319
-3268416
2591712
1616800
2362171
-2281708
-701369
2081802
2806302
2580895
820721
2424685
3906582
52781
