0
2811047
5622084
8433099
11244082
14055021
16865906
19676727
22487471
25298128
28108689
30919140
33729473
36539675
39349737
42159647
44969394
47778968
50588358
53397552
56206541
59015313
61823858
64632164
67440221
70248018
73055545
75862789
78669741
81476390
84282725
87088735
89894409
92699736
95504706
98309308
101113531
103917364
106720797
109523818
112326416
115128582
117930304
120731571
123532373
126332698
129132536
131931877
134730709
137529021
140326804
143124045
145920734
148716861
151512415
154307384
157101759
159895527
162688680
165481205
168273092
171064331
173854910
176644818
179434046
182222582
185010415
187797535
190583931
193369593
196154508
198938668
201722061
204504675
207286502
210067529
212847747
215627143
218405709
221183432
223960303
226736311
229511444
232285692
235059045
237831492
240603021
243373623
246143287
248912002
251679757
254446542
257212346
259977158
262740968
265503765
268265539
271026278
273785972
276544611
279302184
282058680
284814088
287568398
290321600
293073682
295824635
298574447
301323108
304070607
306816934
309562078
312306029
315048775
317790307
320530614
323269685
326007510
328744078
331479378
334213401
336946135
339677570
342407695
345136500
347863975
350590108
353314890
356038310
358760357
361481021
364200292
366918158
369634610
372349637
375063228
377775373
380486062
383195283
385903028
388609284
391314043
394017293
396719024
399419225
402117886
404814998
407510548
410204527
412896925
415587731
418276935
420964526
423650495
426334830
429017521
431698558
434377931
437055630
439731643
442405961
445078574
447749470
450418640
453086074
455751761
458415691
461077854
463738239
466396836
469053635
471708626
474361798
477013141
479662645
482310300
484956096
487600022
490242068
492882224
495520480
498156825
500791250
503423744
506054297
508682900
511309541
513934211
516556899
519177596
521796292
524412976
527027638
529640268
532250856
534859392
537465866
540070269
542672588
545272816
547870942
550466955
553060846
555652605
558242222
560829686
563414989
565998119
568579067
571157823
573734377
576308719
578880839
581450728
584018375
586583770
589146904
591707766
594266347
596822637
599376626
601928305
604477663
607024690
609569377
612111714
614651691
617189299
619724526
622257365
624787805
627315836
629841448
632364633
634885379
637403678
639919519
642432893
644943790
647452201
649958116
652461525
654962418
657460787
659956620
662449910
664940645
667428817
669914416
672397432
674877856
677355677
679830888
682303477
684773436
687240755
689705424
692167435
694626777
697083441
699537417
701988696
704437269
706883127
709326259
711766656
714204309
716639209
719071346
721500710
723927293
726351085
728772077
731190259
733605622
736018157
738427854
740834705
743238699
745639828
748038082
750433452
752825929
755215504
757602167
759985909
762366722
764744595
767119520
769491487
771860488
774226513
776589553
778949599
781306642
783660673
786011682
788359661
790704601
793046493
795385327
797721094
800053786
802383394
804709908
807033320
809353620
811670800
813984851
816295764
818603529
820908139
823209584
825507855
827802943
830094840
832383537
834669024
836951294
839230337
841506145
843778708
846048018
848314067
850576845
852836343
855092554
857345468
859595077
861841371
864084343
866323984
868560285
870793237
873022832
875249062
877471916
879691388
881907469
884120149
886329421
888535276
890737705
892936701
895132253
897324355
899512997
901698171
903879869
906058082
908232802
910404021
912571729
914735920
916896584
919053712
921207298
923357332
925503806
927646712
929786042
931921787
934053940
936182491
938307433
940428757
942546456
944660521
946770944
948877717
950980832
953080280
955176054
957268146
959356547
961441249
963522245
965599526
967673084
969742911
971809000
973871343
975929930
977984756
980035810
982083087
984126577
986166273
988202167
990234251
992262518
994286959
996307567
998324334
1000337252
1002346313
1004351510
1006352835
1008350280
1010343837
1012333499
1014319259
1016301108
1018279039
1020253044
1022223115
1024189246
1026151428
1028109654
1030063916
1032014207
1033960519
1035902845
1037841178
1039775509
1041705831
1043632138
1045554421
1047472672
1049386886
1051297054
1053203168
1055105223
1057003209
1058897121
1060786950
1062672689
1064554332
1066431870
1068305297
1070174605
1072039788
1073900837
1075757746
1077610508
1079459115
1081303561
1083143837
1084979938
1086811856
1088639584
1090463115
1092282442
1094097558
1095908455
1097715128
1099517569
1101315770
1103109726
1104899429
1106684872
1108466048
1110242951
1112015574
1113783909
1115547951
1117307692
1119063125
1120814244
1122561041
1124303511
1126041647
1127775441
1129504887
1131229978
1132950709
1134667071
1136379059
1138086666
1139789885
1141488710
1143183134
1144873151
1146558754
1148239937
1149916693
1151589015
1153256898
1154920335
1156579319
1158233844
1159883903
1161529491
1163170601
1164807227
1166439362
1168067000
1169690134
1171308759
1172922869
1174532456
1176137515
1177738040
1179334024
1180925462
1182512346
1184094672
1185672433
1187245622
1188814235
1190378264
1191937703
1193492548
1195042791
1196588427
1198129450
1199665853
1201197632
1202724779
1204247290
1205765158
1207278377
1208786942
1210290846
1211790085
1213284652
1214774541
1216259746
1217740263
1219216085
1220687207
1222153622
1223615325
1225072312
1226524575
1227972109
1229414909
1230852970
1232286285
1233714849
1235138657
1236557703
1237971982
1239381488
1240786216
1242186160
1243581315
1244971676
1246357237
1247737993
1249113938
1250485068
1251851377
1253212859
1254569510
1255921324
1257268297
1258610422
1259947694
1261280110
1262607662
1263930347
1265248159
1266561093
1267869144
1269172307
1270470577
1271763949
1273052418
1274335979
1275614627
1276888357
1278157164
1279421044
1280679990
1281934000
1283183067
1284427187
1285666356
1286900567
1288129818
1289354102
1290573415
1291787753
1292997110
1294201483
1295400866
1296595255
1297784645
1298969031
1300148410
1301322776
1302492126
1303656453
1304815755
1305970026
1307119263
1308263460
1309402613
1310536718
1311665770
1312789766
1313908701
1315022569
1316131369
1317235093
1318333740
1319427304
1320515781
1321599168
1322677459
1323750650
1324818739
1325881719
1326939588
1327992341
1329039975
1330082484
1331119866
1332152116
1333179230
1334201204
1335218034
1336229717
1337236248
1338237623
1339233839
1340224892
1341210779
1342191494
1343167035
1344137397
1345102577
1346062572
1347017377
1347966989
1348911404
1349850618
1350784629
1351713432
1352637023
1353555400
1354468558
1355376494
1356279205
1357176687
1358068937
1358955951
1359837726
1360714258
1361585544
1362451581
1363312365
1364167893
1365018162
1365863169
1366702909
1367537380
1368366580
1369190503
1370009148
1370822511
1371630590
1372433380
1373230879
1374023084
1374809991
1375591598
1376367902
1377138899
1377904588
1378664964
1379420024
1380169767
1380914189
1381653286
1382387058
1383115499
1383838608
1384556382
1385268819
1385975914
1386677666
1387374072
1388065130
1388750836
1389431188
1390106183
1390775819
1391440093
1392099002
1392752545
1393400718
1394043519
1394680945
1395312995
1395939665
1396560954
1397176858
1397787376
1398392505
1398992243
1399586587
1400175535
1400759085
1401337235
1401909982
1402477324
1403039260
1403595786
1404146901
1404692602
1405232888
1405767757
1406297205
1406821232
1407339835
1407853013
1408360763
1408863083
1409359971
1409851426
1410337446
1410818028
1411293171
1411762873
1412227133
1412685947
1413139316
1413587236
1414029707
1414466726
1414898291
1415324402
1415745057
1416160253
1416569989
1416974265
1417373077
1417766425
1418154307
1418536721
1418913667
1419285142
1419651146
1420011676
1420366732
1420716311
1421060414
1421399037
1421732181
1422059844
1422382024
1422698720
1423009932
1423315657
1423615895
1423910645
1424199905
1424483674
1424761951
1425034735
1425302026
1425563821
1425820121
1426070923
1426316228
1426556033
1426790339
1427019144
1427242448
1427460249
1427672547
1427879340
1428080629
1428276412
1428466688
1428651458
1428830719
1429004472
1429172716
1429335449
1429492672
1429644384
1429790585
1429931273
1430066448
1430196110
1430320258
1430438891
1430552010
1430659614
1430761702
1430858274
1430949329
1431034868
1431114890
1431189394
1431258380
1431321849
1431379800
1431432232
1431479145
1431520540
1431556415
1431586772
1431611609
1431630927
1431644726
1431653005
1431655765
1431653005
1431644726
1431630927
1431611609
1431586772
1431556415
1431520540
1431479145
1431432232
1431379800
1431321849
1431258380
1431189394
1431114890
1431034868
1430949329
1430858274
1430761702
1430659614
1430552010
1430438891
1430320258
1430196110
1430066448
1429931273
1429790585
1429644384
1429492672
1429335449
1429172716
1429004472
1428830719
1428651458
1428466688
1428276412
1428080629
1427879340
1427672547
1427460249
1427242448
1427019144
1426790339
1426556033
1426316228
1426070923
1425820121
1425563821
1425302026
1425034735
1424761951
1424483674
1424199905
1423910645
1423615895
1423315657
1423009932
1422698720
1422382024
1422059844
1421732181
1421399037
1421060414
1420716311
1420366732
1420011676
1419651146
1419285142
1418913667
1418536721
1418154307
1417766425
1417373077
1416974265
1416569989
1416160253
1415745057
1415324402
1414898291
1414466726
1414029707
1413587236
1413139316
1412685947
1412227133
1411762873
1411293171
1410818028
1410337446
1409851426
1409359971
1408863083
1408360763
1407853013
1407339835
1406821232
1406297205
1405767757
1405232888
1404692602
1404146901
1403595786
1403039260
1402477324
1401909982
1401337235
1400759085
1400175535
1399586587
1398992243
1398392505
1397787376
1397176858
1396560954
1395939665
1395312995
1394680945
1394043519
1393400718
1392752545
1392099002
1391440093
1390775819
1390106183
1389431188
1388750836
1388065130
1387374072
1386677666
1385975914
1385268819
1384556382
1383838608
1383115499
1382387058
1381653286
1380914189
1380169767
1379420024
1378664964
1377904588
1377138899
1376367902
1375591598
1374809991
1374023084
1373230879
1372433380
1371630590
1370822511
1370009148
1369190503
1368366580
1367537380
1366702909
1365863169
1365018162
1364167893
1363312365
1362451581
1361585544
1360714258
1359837726
1358955951
1358068937
1357176687
1356279205
1355376494
1354468558
1353555400
1352637023
1351713432
1350784629
1349850618
1348911404
1347966989
1347017377
1346062572
1345102577
1344137397
1343167035
1342191494
1341210779
1340224892
1339233839
1338237623
1337236248
1336229717
1335218034
1334201204
1333179230
1332152116
1331119866
1330082484
1329039975
1327992341
1326939588
1325881719
1324818739
1323750650
1322677459
1321599168
1320515781
1319427304
1318333740
1317235093
1316131369
1315022569
1313908701
1312789766
1311665770
1310536718
1309402613
1308263460
1307119263
1305970026
1304815755
1303656453
1302492126
1301322776
1300148410
1298969031
1297784645
1296595255
1295400866
1294201483
1292997110
1291787753
1290573415
1289354102
1288129818
1286900567
1285666356
1284427187
1283183067
1281934000
1280679990
1279421044
1278157164
1276888357
1275614627
1274335979
1273052418
1271763949
1270470577
1269172307
1267869144
1266561093
1265248159
1263930347
1262607662
1261280110
1259947694
1258610422
1257268297
1255921324
1254569510
1253212859
1251851377
1250485068
1249113938
1247737993
1246357237
1244971676
1243581315
1242186160
1240786216
1239381488
1237971982
1236557703
1235138657
1233714849
1232286285
1230852970
1229414909
1227972109
1226524575
1225072312
1223615325
1222153622
1220687207
1219216085
1217740263
1216259746
1214774541
1213284652
1211790085
1210290846
1208786942
1207278377
1205765158
1204247290
1202724779
1201197632
1199665853
1198129450
1196588427
1195042791
1193492548
1191937703
1190378264
1188814235
1187245622
1185672433
1184094672
1182512346
1180925462
1179334024
1177738040
1176137515
1174532456
1172922869
1171308759
1169690134
1168067000
1166439362
1164807227
1163170601
1161529491
1159883903
1158233844
1156579319
1154920335
1153256898
1151589015
1149916693
1148239937
1146558754
1144873151
1143183134
1141488710
1139789885
1138086666
1136379059
1134667071
1132950709
1131229978
1129504887
1127775441
1126041647
1124303511
1122561041
1120814244
1119063125
1117307692
1115547951
1113783909
1112015574
1110242951
1108466048
1106684872
1104899429
1103109726
1101315770
1099517569
1097715128
1095908455
1094097558
1092282442
1090463115
1088639584
1086811856
1084979938
1083143837
1081303561
1079459115
1077610508
1075757746
1073900837
1072039788
1070174605
1068305297
1066431870
1064554332
1062672689
1060786950
1058897121
1057003209
1055105223
1053203168
1051297054
1049386886
1047472672
1045554421
1043632138
1041705831
1039775509
1037841178
1035902845
1033960519
1032014207
1030063916
1028109654
1026151428
1024189246
1022223115
1020253044
1018279039
1016301108
1014319259
1012333499
1010343837
1008350280
1006352835
1004351510
1002346313
1000337252
998324334
996307567
994286959
992262518
990234251
988202167
986166273
984126577
982083087
980035810
977984756
975929930
973871343
971809000
969742911
967673084
965599526
963522245
961441249
959356547
957268146
955176054
953080280
950980832
948877717
946770944
944660521
942546456
940428757
938307433
936182491
934053940
931921787
929786042
927646712
925503806
923357332
921207298
919053712
916896584
914735920
912571729
910404021
908232802
906058082
903879869
901698171
899512997
897324355
895132253
892936701
890737705
888535276
886329421
884120149
881907469
879691388
877471916
875249062
873022832
870793237
868560285
866323984
864084343
861841371
859595077
857345468
855092554
852836343
850576845
848314067
846048018
843778708
841506145
839230337
836951294
834669024
832383537
830094840
827802943
825507855
823209584
820908139
818603529
816295764
813984851
811670800
809353620
807033320
804709908
802383394
800053786
797721094
795385327
793046493
790704601
788359661
786011682
783660673
781306642
778949599
776589553
774226513
771860488
769491487
767119520
764744595
762366722
759985909
757602167
755215504
752825929
750433452
748038082
745639828
743238699
740834705
738427854
736018157
733605622
731190259
728772077
726351085
723927293
721500710
719071346
716639209
714204309
711766656
709326259
706883127
704437269
701988696
699537417
697083441
694626777
692167435
689705424
687240755
684773436
682303477
679830888
677355677
674877856
672397432
669914416
667428817
664940645
662449910
659956620
657460787
654962418
652461525
649958116
647452201
644943790
642432893
639919519
637403678
634885379
632364633
629841448
627315836
624787805
622257365
619724526
617189299
614651691
612111714
609569377
607024690
604477663
601928305
599376626
596822637
594266347
591707766
589146904
586583770
584018375
581450728
578880839
576308719
573734377
571157823
568579067
565998119
563414989
560829686
558242222
555652605
553060846
550466955
547870942
545272816
542672588
540070269
537465866
534859392
532250856
529640268
527027638
524412976
521796292
519177596
516556899
513934211
511309541
508682900
506054297
503423744
500791250
498156825
495520480
492882224
490242068
487600022
484956096
482310300
479662645
477013141
474361798
471708626
469053635
466396836
463738239
461077854
458415691
455751761
453086074
450418640
447749470
445078574
442405961
439731643
437055630
434377931
431698558
429017521
426334830
423650495
420964526
418276935
415587731
412896925
410204527
407510548
404814998
402117886
399419225
396719024
394017293
391314043
388609284
385903028
383195283
380486062
377775373
375063228
372349637
369634610
366918158
364200292
361481021
358760357
356038310
353314890
350590108
347863975
345136500
342407695
339677570
336946135
334213401
331479378
328744078
326007510
323269685
320530614
317790307
315048775
312306029
309562078
306816934
304070607
301323108
298574447
295824635
293073682
290321600
287568398
284814088
282058680
279302184
276544611
273785972
271026278
268265539
265503765
262740968
259977158
257212346
254446542
251679757
248912002
246143287
243373623
240603021
237831492
235059045
232285692
229511444
226736311
223960303
221183432
218405709
215627143
212847747
210067529
207286502
204504675
201722061
198938668
196154508
193369593
190583931
187797535
185010415
182222582
179434046
176644818
173854910
171064331
168273092
165481205
162688680
159895527
157101759
154307384
151512415
148716861
145920734
143124045
140326804
137529021
134730709
131931877
129132536
126332698
123532373
120731571
117930304
115128582
112326416
109523818
106720797
103917364
101113531
98309308
95504706
92699736
89894409
87088735
84282725
81476390
78669741
75862789
73055545
70248018
67440221
64632164
61823858
59015313
56206541
53397552
50588358
47778968
44969394
42159647
39349737
36539675
33729473
30919140
28108689
25298128
22487471
19676727
16865906
14055021
11244082
8433099
5622084
2811047
0
-2811047
-5622084
-8433099
-11244082
-14055021
-16865906
-19676727
-22487471
-25298128
-28108689
-30919140
-33729473
-36539675
-39349737
-42159647
-44969394
-47778968
-50588358
-53397552
-56206541
-59015313
-61823858
-64632164
-67440221
-70248018
-73055545
-75862789
-78669741
-81476390
-84282725
-87088735
-89894409
-92699736
-95504706
-98309308
-101113531
-103917364
-106720797
-109523818
-112326416
-115128582
-117930304
-120731571
-123532373
-126332698
-129132536
-131931877
-134730709
-137529021
-140326804
-143124045
-145920734
-148716861
-151512415
-154307384
-157101759
-159895527
-162688680
-165481205
-168273092
-171064331
-173854910
-176644818
-179434046
-182222582
-185010415
-187797535
-190583931
-193369593
-196154508
-198938668
-201722061
-204504675
-207286502
-210067529
-212847747
-215627143
-218405709
-221183432
-223960303
-226736311
-229511444
-232285692
-235059045
-237831492
-240603021
-243373623
-246143287
-248912002
-251679757
-254446542
-257212346
-259977158
-262740968
-265503765
-268265539
-271026278
-273785972
-276544611
-279302184
-282058680
-284814088
-287568398
-290321600
-293073682
-295824635
-298574447
-301323108
-304070607
-306816934
-309562078
-312306029
-315048775
-317790307
-320530614
-323269685
-326007510
-328744078
-331479378
-334213401
-336946135
-339677570
-342407695
-345136500
-347863975
-350590108
-353314890
-356038310
-358760357
-361481021
-364200292
-366918158
-369634610
-372349637
-375063228
-377775373
-380486062
-383195283
-385903028
-388609284
-391314043
-394017293
-396719024
-399419225
-402117886
-404814998
-407510548
-410204527
-412896925
-415587731
-418276935
-420964526
-423650495
-426334830
-429017521
-431698558
-434377931
-437055630
-439731643
-442405961
-445078574
-447749470
-450418640
-453086074
-455751761
-458415691
-461077854
-463738239
-466396836
-469053635
-471708626
-474361798
-477013141
-479662645
-482310300
-484956096
-487600022
-490242068
-492882224
-495520480
-498156825
-500791250
-503423744
-506054297
-508682900
-511309541
-513934211
-516556899
-519177596
-521796292
-524412976
-527027638
-529640268
-532250856
-534859392
-537465866
-540070269
-542672588
-545272816
-547870942
-550466955
-553060846
-555652605
-558242222
-560829686
-563414989
-565998119
-568579067
-571157823
-573734377
-576308719
-578880839
-581450728
-584018375
-586583770
-589146904
-591707766
-594266347
-596822637
-599376626
-601928305
-604477663
-607024690
-609569377
-612111714
-614651691
-617189299
-619724526
-622257365
-624787805
-627315836
-629841448
-632364633
-634885379
-637403678
-639919519
-642432893
-644943790
-647452201
-649958116
-652461525
-654962418
-657460787
-659956620
-662449910
-664940645
-667428817
-669914416
-672397432
-674877856
-677355677
-679830888
-682303477
-684773436
-687240755
-689705424
-692167435
-694626777
-697083441
-699537417
-701988696
-704437269
-706883127
-709326259
-711766656
-714204309
-716639209
-719071346
-721500710
-723927293
-726351085
-728772077
-731190259
-733605622
-736018157
-738427854
-740834705
-743238699
-745639828
-748038082
-750433452
-752825929
-755215504
-757602167
-759985909
-762366722
-764744595
-767119520
-769491487
-771860488
-774226513
-776589553
-778949599
-781306642
-783660673
-786011682
-788359661
-790704601
-793046493
-795385327
-797721094
-800053786
-802383394
-804709908
-807033320
-809353620
-811670800
-813984851
-816295764
-818603529
-820908139
-823209584
-825507855
-827802943
-830094840
-832383537
-834669024
-836951294
-839230337
-841506145
-843778708
-846048018
-848314067
-850576845
-852836343
-855092554
-857345468
-859595077
-861841371
-864084343
-866323984
-868560285
-870793237
-873022832
-875249062
-877471916
-879691388
-881907469
-884120149
-886329421
-888535276
-890737705
-892936701
-895132253
-897324355
-899512997
-901698171
-903879869
-906058082
-908232802
-910404021
-912571729
-914735920
-916896584
-919053712
-921207298
-923357332
-925503806
-927646712
-929786042
-931921787
-934053940
-936182491
-938307433
-940428757
-942546456
-944660521
-946770944
-948877717
-950980832
-953080280
-955176054
-957268146
-959356547
-961441249
-963522245
-965599526
-967673084
-969742911
-971809000
-973871343
-975929930
-977984756
-980035810
-982083087
-984126577
-986166273
-988202167
-990234251
-992262518
-994286959
-996307567
-998324334
-1000337252
-1002346313
-1004351510
-1006352835
-1008350280
-1010343837
-1012333499
-1014319259
-1016301108
-1018279039
-1020253044
-1022223115
-1024189246
-1026151428
-1028109654
-1030063916
-1032014207
-1033960519
-1035902845
-1037841178
-1039775509
-1041705831
-1043632138
-1045554421
-1047472672
-1049386886
-1051297054
-1053203168
-1055105223
-1057003209
-1058897121
-1060786950
-1062672689
-1064554332
-1066431870
-1068305297
-1070174605
-1072039788
-1073900837
-1075757746
-1077610508
-1079459115
-1081303561
-1083143837
-1084979938
-1086811856
-1088639584
-1090463115
-1092282442
-1094097558
-1095908455
-1097715128
-1099517569
-1101315770
-1103109726
-1104899429
-1106684872
-1108466048
-1110242951
-1112015574
-1113783909
-1115547951
-1117307692
-1119063125
-1120814244
-1122561041
-1124303511
-1126041647
-1127775441
-1129504887
-1131229978
-1132950709
-1134667071
-1136379059
-1138086666
-1139789885
-1141488710
-1143183134
-1144873151
-1146558754
-1148239937
-1149916693
-1151589015
-1153256898
-1154920335
-1156579319
-1158233844
-1159883903
-1161529491
-1163170601
-1164807227
-1166439362
-1168067000
-1169690134
-1171308759
-1172922869
-1174532456
-1176137515
-1177738040
-1179334024
-1180925462
-1182512346
-1184094672
-1185672433
-1187245622
-1188814235
-1190378264
-1191937703
-1193492548
-1195042791
-1196588427
-1198129450
-1199665853
-1201197632
-1202724779
-1204247290
-1205765158
-1207278377
-1208786942
-1210290846
-1211790085
-1213284652
-1214774541
-1216259746
-1217740263
-1219216085
-1220687207
-1222153622
-1223615325
-1225072312
-1226524575
-1227972109
-1229414909
-1230852970
-1232286285
-1233714849
-1235138657
-1236557703
-1237971982
-1239381488
-1240786216
-1242186160
-1243581315
-1244971676
-1246357237
-1247737993
-1249113938
-1250485068
-1251851377
-1253212859
-1254569510
-1255921324
-1257268297
-1258610422
-1259947694
-1261280110
-1262607662
-1263930347
-1265248159
-1266561093
-1267869144
-1269172307
-1270470577
-1271763949
-1273052418
-1274335979
-1275614627
-1276888357
-1278157164
-1279421044
-1280679990
-1281934000
-1283183067
-1284427187
-1285666356
-1286900567
-1288129818
-1289354102
-1290573415
-1291787753
-1292997110
-1294201483
-1295400866
-1296595255
-1297784645
-1298969031
-1300148410
-1301322776
-1302492126
-1303656453
-1304815755
-1305970026
-1307119263
-1308263460
-1309402613
-1310536718
-1311665770
-1312789766
-1313908701
-1315022569
-1316131369
-1317235093
-1318333740
-1319427304
-1320515781
-1321599168
-1322677459
-1323750650
-1324818739
-1325881719
-1326939588
-1327992341
-1329039975
-1330082484
-1331119866
-1332152116
-1333179230
-1334201204
-1335218034
-1336229717
-1337236248
-1338237623
-1339233839
-1340224892
-1341210779
-1342191494
-1343167035
-1344137397
-1345102577
-1346062572
-1347017377
-1347966989
-1348911404
-1349850618
-1350784629
-1351713432
-1352637023
-1353555400
-1354468558
-1355376494
-1356279205
-1357176687
-1358068937
-1358955951
-1359837726
-1360714258
-1361585544
-1362451581
-1363312365
-1364167893
-1365018162
-1365863169
-1366702909
-1367537380
-1368366580
-1369190503
-1370009148
-1370822511
-1371630590
-1372433380
-1373230879
-1374023084
-1374809991
-1375591598
-1376367902
-1377138899
-1377904588
-1378664964
-1379420024
-1380169767
-1380914189
-1381653286
-1382387058
-1383115499
-1383838608
-1384556382
-1385268819
-1385975914
-1386677666
-1387374072
-1388065130
-1388750836
-1389431188
-1390106183
-1390775819
-1391440093
-1392099002
-1392752545
-1393400718
-1394043519
-1394680945
-1395312995
-1395939665
-1396560954
-1397176858
-1397787376
-1398392505
-1398992243
-1399586587
-1400175535
-1400759085
-1401337235
-1401909982
-1402477324
-1403039260
-1403595786
-1404146901
-1404692602
-1405232888
-1405767757
-1406297205
-1406821232
-1407339835
-1407853013
-1408360763
-1408863083
-1409359971
-1409851426
-1410337446
-1410818028
-1411293171
-1411762873
-1412227133
-1412685947
-1413139316
-1413587236
-1414029707
-1414466726
-1414898291
-1415324402
-1415745057
-1416160253
-1416569989
-1416974265
-1417373077
-1417766425
-1418154307
-1418536721
-1418913667
-1419285142
-1419651146
-1420011676
-1420366732
-1420716311
-1421060414
-1421399037
-1421732181
-1422059844
-1422382024
-1422698720
-1423009932
-1423315657
-1423615895
-1423910645
-1424199905
-1424483674
-1424761951
-1425034735
-1425302026
-1425563821
-1425820121
-1426070923
-1426316228
-1426556033
-1426790339
-1427019144
-1427242448
-1427460249
-1427672547
-1427879340
-1428080629
-1428276412
-1428466688
-1428651458
-1428830719
-1429004472
-1429172716
-1429335449
-1429492672
-1429644384
-1429790585
-1429931273
-1430066448
-1430196110
-1430320258
-1430438891
-1430552010
-1430659614
-1430761702
-1430858274
-1430949329
-1431034868
-1431114890
-1431189394
-1431258380
-1431321849
-1431379800
-1431432232
-1431479145
-1431520540
-1431556415
-1431586772
-1431611609
-1431630927
-1431644726
-1431653005
-1431655765
-1431653005
-1431644726
-1431630927
-1431611609
-1431586772
-1431556415
-1431520540
-1431479145
-1431432232
-1431379800
-1431321849
-1431258380
-1431189394
-1431114890
-1431034868
-1430949329
-1430858274
-1430761702
-1430659614
-1430552010
-1430438891
-1430320258
-1430196110
-1430066448
-1429931273
-1429790585
-1429644384
-1429492672
-1429335449
-1429172716
-1429004472
-1428830719
-1428651458
-1428466688
-1428276412
-1428080629
-1427879340
-1427672547
-1427460249
-1427242448
-1427019144
-1426790339
-1426556033
-1426316228
-1426070923
-1425820121
-1425563821
-1425302026
-1425034735
-1424761951
-1424483674
-1424199905
-1423910645
-1423615895
-1423315657
-1423009932
-1422698720
-1422382024
-1422059844
-1421732181
-1421399037
-1421060414
-1420716311
-1420366732
-1420011676
-1419651146
-1419285142
-1418913667
-1418536721
-1418154307
-1417766425
-1417373077
-1416974265
-1416569989
-1416160253
-1415745057
-1415324402
-1414898291
-1414466726
-1414029707
-1413587236
-1413139316
-1412685947
-1412227133
-1411762873
-1411293171
-1410818028
-1410337446
-1409851426
-1409359971
-1408863083
-1408360763
-1407853013
-1407339835
-1406821232
-1406297205
-1405767757
-1405232888
-1404692602
-1404146901
-1403595786
-1403039260
-1402477324
-1401909982
-1401337235
-1400759085
-1400175535
-1399586587
-1398992243
-1398392505
-1397787376
-1397176858
-1396560954
-1395939665
-1395312995
-1394680945
-1394043519
-1393400718
-1392752545
-1392099002
-1391440093
-1390775819
-1390106183
-1389431188
-1388750836
-1388065130
-1387374072
-1386677666
-1385975914
-1385268819
-1384556382
-1383838608
-1383115499
-1382387058
-1381653286
-1380914189
-1380169767
-1379420024
-1378664964
-1377904588
-1377138899
-1376367902
-1375591598
-1374809991
-1374023084
-1373230879
-1372433380
-1371630590
-1370822511
-1370009148
-1369190503
-1368366580
-1367537380
-1366702909
-1365863169
-1365018162
-1364167893
-1363312365
-1362451581
-1361585544
-1360714258
-1359837726
-1358955951
-1358068937
-1357176687
-1356279205
-1355376494
-1354468558
-1353555400
-1352637023
-1351713432
-1350784629
-1349850618
-1348911404
-1347966989
-1347017377
-1346062572
-1345102577
-1344137397
-1343167035
-1342191494
-1341210779
-1340224892
-1339233839
-1338237623
-1337236248
-1336229717
-1335218034
-1334201204
-1333179230
-1332152116
-1331119866
-1330082484
-1329039975
-1327992341
-1326939588
-1325881719
-1324818739
-1323750650
-1322677459
-1321599168
-1320515781
-1319427304
-1318333740
-1317235093
-1316131369
-1315022569
-1313908701
-1312789766
-1311665770
-1310536718
-1309402613
-1308263460
-1307119263
-1305970026
-1304815755
-1303656453
-1302492126
-1301322776
-1300148410
-1298969031
-1297784645
-1296595255
-1295400866
-1294201483
-1292997110
-1291787753
-1290573415
-1289354102
-1288129818
-1286900567
-1285666356
-1284427187
-1283183067
-1281934000
-1280679990
-1279421044
-1278157164
-1276888357
-1275614627
-1274335979
-1273052418
-1271763949
-1270470577
-1269172307
-1267869144
-1266561093
-1265248159
-1263930347
-1262607662
-1261280110
-1259947694
-1258610422
-1257268297
-1255921324
-1254569510
-1253212859
-1251851377
-1250485068
-1249113938
-1247737993
-1246357237
-1244971676
-1243581315
-1242186160
-1240786216
-1239381488
-1237971982
-1236557703
-1235138657
-1233714849
-1232286285
-1230852970
-1229414909
-1227972109
-1226524575
-1225072312
-1223615325
-1222153622
-1220687207
-1219216085
-1217740263
-1216259746
-1214774541
-1213284652
-1211790085
-1210290846
-1208786942
-1207278377
-1205765158
-1204247290
-1202724779
-1201197632
-1199665853
-1198129450
-1196588427
-1195042791
-1193492548
-1191937703
-1190378264
-1188814235
-1187245622
-1185672433
-1184094672
-1182512346
-1180925462
-1179334024
-1177738040
-1176137515
-1174532456
-1172922869
-1171308759
-1169690134
-1168067000
-1166439362
-1164807227
-1163170601
-1161529491
-1159883903
-1158233844
-1156579319
-1154920335
-1153256898
-1151589015
-1149916693
-1148239937
-1146558754
-1144873151
-1143183134
-1141488710
-1139789885
-1138086666
-1136379059
-1134667071
-1132950709
-1131229978
-1129504887
-1127775441
-1126041647
-1124303511
-1122561041
-1120814244
-1119063125
-1117307692
-1115547951
-1113783909
-1112015574
-1110242951
-1108466048
-1106684872
-1104899429
-1103109726
-1101315770
-1099517569
-1097715128
-1095908455
-1094097558
-1092282442
-1090463115
-1088639584
-1086811856
-1084979938
-1083143837
-1081303561
-1079459115
-1077610508
-1075757746
-1073900837
-1072039788
-1070174605
-1068305297
-1066431870
-1064554332
-1062672689
-1060786950
-1058897121
-1057003209
-1055105223
-1053203168
-1051297054
-1049386886
-1047472672
-1045554421
-1043632138
-1041705831
-1039775509
-1037841178
-1035902845
-1033960519
-1032014207
-1030063916
-1028109654
-1026151428
-1024189246
-1022223115
-1020253044
-1018279039
-1016301108
-1014319259
-1012333499
-1010343837
-1008350280
-1006352835
-1004351510
-1002346313
-1000337252
-998324334
-996307567
-994286959
-992262518
-990234251
-988202167
-986166273
-984126577
-982083087
-980035810
-977984756
-975929930
-973871343
-971809000
-969742911
-967673084
-965599526
-963522245
-961441249
-959356547
-957268146
-955176054
-953080280
-950980832
-948877717
-946770944
-944660521
-942546456
-940428757
-938307433
-936182491
-934053940
-931921787
-929786042
-927646712
-925503806
-923357332
-921207298
-919053712
-916896584
-914735920
-912571729
-910404021
-908232802
-906058082
-903879869
-901698171
-899512997
-897324355
-895132253
-892936701
-890737705
-888535276
-886329421
-884120149
-881907469
-879691388
-877471916
-875249062
-873022832
-870793237
-868560285
-866323984
-864084343
-861841371
-859595077
-857345468
-855092554
-852836343
-850576845
-848314067
-846048018
-843778708
-841506145
-839230337
-836951294
-834669024
-832383537
-830094840
-827802943
-825507855
-823209584
-820908139
-818603529
-816295764
-813984851
-811670800
-809353620
-807033320
-804709908
-802383394
-800053786
-797721094
-795385327
-793046493
-790704601
-788359661
-786011682
-783660673
-781306642
-778949599
-776589553
-774226513
-771860488
-769491487
-767119520
-764744595
-762366722
-759985909
-757602167
-755215504
-752825929
-750433452
-748038082
-745639828
-743238699
-740834705
-738427854
-736018157
-733605622
-731190259
-728772077
-726351085
-723927293
-721500710
-719071346
-716639209
-714204309
-711766656
-709326259
-706883127
-704437269
-701988696
-699537417
-697083441
-694626777
-692167435
-689705424
-687240755
-684773436
-682303477
-679830888
-677355677
-674877856
-672397432
-669914416
-667428817
-664940645
-662449910
-659956620
-657460787
-654962418
-652461525
-649958116
-647452201
-644943790
-642432893
-639919519
-637403678
-634885379
-632364633
-629841448
-627315836
-624787805
-622257365
-619724526
-617189299
-614651691
-612111714
-609569377
-607024690
-604477663
-601928305
-599376626
-596822637
-594266347
-591707766
-589146904
-586583770
-584018375
-581450728
-578880839
-576308719
-573734377
-571157823
-568579067
-565998119
-563414989
-560829686
-558242222
-555652605
-553060846
-550466955
-547870942
-545272816
-542672588
-540070269
-537465866
-534859392
-532250856
-529640268
-527027638
-524412976
-521796292
-519177596
-516556899
-513934211
-511309541
-508682900
-506054297
-503423744
-500791250
-498156825
-495520480
-492882224
-490242068
-487600022
-484956096
-482310300
-479662645
-477013141
-474361798
-471708626
-469053635
-466396836
-463738239
-461077854
-458415691
-455751761
-453086074
-450418640
-447749470
-445078574
-442405961
-439731643
-437055630
-434377931
-431698558
-429017521
-426334830
-423650495
-420964526
-418276935
-415587731
-412896925
-410204527
-407510548
-404814998
-402117886
-399419225
-396719024
-394017293
-391314043
-388609284
-385903028
-383195283
-380486062
-377775373
-375063228
-372349637
-369634610
-366918158
-364200292
-361481021
-358760357
-356038310
-353314890
-350590108
-347863975
-345136500
-342407695
-339677570
-336946135
-334213401
-331479378
-328744078
-326007510
-323269685
-320530614
-317790307
-315048775
-312306029
-309562078
-306816934
-304070607
-301323108
-298574447
-295824635
-293073682
-290321600
-287568398
-284814088
-282058680
-279302184
-276544611
-273785972
-271026278
-268265539
-265503765
-262740968
-259977158
-257212346
-254446542
-251679757
-248912002
-246143287
-243373623
-240603021
-237831492
-235059045
-232285692
-229511444
-226736311
-223960303
-221183432
-218405709
-215627143
-212847747
-210067529
-207286502
-204504675
-201722061
-198938668
-196154508
-193369593
-190583931
-187797535
-185010415
-182222582
-179434046
-176644818
-173854910
-171064331
-168273092
-165481205
-162688680
-159895527
-157101759
-154307384
-151512415
-148716861
-145920734
-143124045
-140326804
-137529021
-134730709
-131931877
-129132536
-126332698
-123532373
-120731571
-117930304
-115128582
-112326416
-109523818
-106720797
-103917364
-101113531
-98309308
-95504706
-92699736
-89894409
-87088735
-84282725
-81476390
-78669741
-75862789
-73055545
-70248018
-67440221
-64632164
-61823858
-59015313
-56206541
-53397552
-50588358
-47778968
-44969394
-42159647
-39349737
-36539675
-33729473
-30919140
-28108689
-25298128
-22487471
-19676727
-16865906
-14055021
-11244082
-8433099
-5622084
-2811047
108023193
-257920681
231184190
-120889367
226931627
-207595702
-97620868
157833432
-226739357
90953075
65417994
54891615
-149517608
24773371
-224150999
223434572
-71488827
-61977777
-28090834
146078967
246530138
-25808620
324308030
292704451
196170226
-76709243
-33970826
-45891843
-12028929
-119000745
315463733
82673437
115900703
232151099
258822186
37118700
-93445990
126914249
173289841
162949955
-135001319
233274221
24826194
-119209562
9519193
63506849
305672574
-126691879
299736268
-148561357
115231157
321260169
357792193
218665087
90178304
223723992
38217115
413729609
171256871
406566063
-24453812
250768776
356647307
30572336
47016659
-12606156
206317082
214737654
30020160
52681073
322575890
28327441
-5421733
131968263
261495087
101309960
483776793
97584687
123595086
60837030
-16719939
472443158
471956295
163438216
180592214
125166954
181339433
369207930
226747056
20396423
16452563
414982304
161414384
-8877952
247410464
383975907
544746186
261384152
437186421
19445539
414732641
346818805
532643391
25644179
545842157
16077712
62612879
370103823
452047686
386486011
29440686
70905564
365833682
286256096
195997836
342619925
498401309
350353915
449334934
575678764
255167667
216877957
353382879
249055869
231090735
580811828
289292254
497890224
315006784
381023863
636795062
241597827
160130376
525053432
333820497
660774455
106803488
531887543
265928716
245978698
579267895
648184621
238763764
314722790
294049624
297665590
332547585
630476665
604136897
628674925
345568871
605368228
600762712
557776825
659827692
668884615
529956613
522432588
684144649
338306670
540345202
518696806
262545110
588945482
576432801
271702336
718847209
497785012
349020804
540078204
739257023
542343045
683926070
522760735
671977809
332776024
273880327
289150569
617543789
283425449
441496113
414939709
248385103
608776852
517371046
269752196
312972258
623691989
661245096
745244710
463188278
561056276
274593071
598954892
282556163
427630007
811939482
440156947
673907775
425382463
742217133
782667044
293796524
811185350
411949752
751840726
813987278
376923633
513796892
376130015
428940566
859524901
598805479
815377714
642662716
595074584
552529693
558388359
578627084
820342052
517841069
415904893
567869896
443180318
570622599
493694435
476212584
811668658
495442928
760557154
724776192
621916211
856674633
821167801
749251098
406191665
626419329
492566108
862309817
845004198
829160230
414728591
453805329
588602111
728049277
935239460
869914753
618329172
626483846
758943394
444328061
563072676
884584595
909634632
774599956
538764886
733995527
933160281
886512481
928982206
803820157
553942798
899504302
526858541
518145479
699214027
834194485
834353427
931811577
501351214
727714713
713286592
689757912
698032393
489945499
911453460
970374971
668848897
884864085
534237846
545011819
929548895
612874412
1035679467
747766034
761957111
771291999
896642680
1019063097
551479334
552270668
989873543
518828915
734895266
552262254
673437087
678590704
1030361060
537522240
806130677
777382485
734183323
896013808
693384076
555830987
1077523347
826674698
563640377
661452587
769509739
864535457
1045349137
655415363
578938969
767084487
709593015
1047071985
1071521313
804405108
566584755
886932939
1092631975
964785709
677373440
817004120
803383910
620993828
655796754
994110658
938404454
1021770661
591377904
703715659
953399925
1142368785
805710872
1066617234
800341447
905432819
683034249
615973581
771928045
960513208
880814076
927688730
973318675
986353238
630380861
1126086885
738170039
751165174
684631836
842575529
733680505
1077737813
1176725617
1040122905
1133738770
874276468
675300996
982014853
722162257
670965099
791812232
869124645
904969089
1106750790
959415714
1226735271
780361702
986883327
897930137
974016640
1066436627
1194364460
991250603
751515588
714450261
1015726045
684818111
1052583094
1006770426
1052938431
829643395
979122206
722396189
1050186858
1048752018
908120537
825490347
737320684
939349372
748395076
1227449074
1016893058
1256647120
864545508
1211597780
1012565753
1102818761
744370405
858475958
1097864395
1284948961
908566130
1107748654
923565506
869501244
1167080475
1196164219
823462596
1165084315
1218665091
991613096
928459096
1249635269
810653289
1277468043
978775242
836318162
1157184993
851335665
833797294
1203360643
1286201659
1071566350
782634385
1286716309
816919469
973031790
810458108
944351600
794638970
1214676264
1266830294
1034131465
1339507325
1202850766
1313905293
1313841626
939760758
1323451932
1301766397
1040152035
938754419
1361249026
1311520934
1222646781
966138831
1067850917
918420799
942016387
885043187
1048984445
1234856406
1028583702
907849177
882905933
949840730
1127087801
917754175
1236144268
1183267158
961987467
917482160
1059992307
1329795894
1265833801
918839766
1006087779
1083106758
1035069188
1367918312
964658533
1102043545
951639424
1199376494
1294544398
1059886694
996747064
1017908508
1416577570
1046175285
1367001522
1338698091
1264807058
996636419
1328398658
983584506
1384433720
1379246010
1312194168
1094850455
1163579833
1258174935
1265187690
1212686079
907568203
1452109092
1118840888
1321652812
1020724502
977548172
1424029660
925935546
1110867377
1057937048
1198867439
1252827396
1306523857
1324635305
1009895521
1461923337
1485139400
1395586022
1020329728
1255396742
1495323220
1276912445
1476484893
942436656
1047676501
1010316161
1008803781
1399856939
1217511782
1043318142
1172675996
1242093457
978268571
1075401726
1426255408
1227020720
1380361438
1520202476
1154387557
1503662805
1315138551
1306916694
1012407344
1080629259
1063418720
1472740013
1252967673
1259914359
1045642572
1161560803
1180098958
1509360702
1026531683
1150300259
1139453154
1433604271
1334484373
1067375969
1083455917
1393665496
1332604141
1144254017
1224027564
1365630077
1467437141
1443679912
1089942161
1322646954
1346178421
1474404291
1236483691
1045136112
1283548913
1418345933
1406767406
1136839731
1349516608
1452097413
1348608896
1251309942
1105480528
1011709794
1080482777
1311747415
1152379262
1583898019
1107318523
1331723395
1201374732
1536953723
1586438416
1392959187
1522788333
1478267131
1325787351
1357185265
1236833859
1400632204
1042748081
1435401744
1237992896
1604743264
1051761289
1219680234
1464073214
1237376570
1304297528
1089202192
1595878349
1436410383
1345915873
1409043164
1239198061
1532216733
1086539573
1425724744
1164447652
1538821192
1403827367
1184586067
1482301045
1224265166
1096917671
1569276470
1485880899
1277166191
1331403258
1454307003
1231035977
1347375440
1481939913
1240999039
1072509845
1136512903
1402305244
1492281997
1487981274
1299346622
1246869275
1566773107
1560856361
1613236598
1512959078
1101836328
1644819450
1244213504
1430888727
1225425607
1356753436
1086850669
1257936680
1650063599
1397314847
1388836819
1365194908
1191240789
1496691152
1523895761
1191662387
1260413391
1165057013
1616743195
1536456696
1116838852
1635386519
1230272593
1404261600
1354401355
1617712366
1096694511
1524098443
1469416367
1435791718
1542540220
1127145980
1217637722
1334705835
1635267660
1666214755
1624691203
1592415171
1234272567
1509108098
1503533109
1503678498
1506022548
1217544168
1445929695
1152645216
1233027903
1248292879
1653481048
1509091866
1563401876
1367976976
1420028272
1115164170
1154965140
1251045430
1552623303
1474603490
1497674824
1590057552
1147086223
1521214305
1376395922
1417386052
1276263303
1623538911
1453451810
1406261496
1277032081
1158810485
1598234234
1429144505
1515092635
1636182819
1470970933
1484799539
1531461623
1698549372
1319029405
1525406562
1683938371
1607791355
1660443947
1551839950
1335905614
1615624431
1476147456
1683740578
1451839216
1200432346
1581616611
1341141033
1140977223
1473546327
1503871555
1204811118
1266502240
1169535561
1452499877
1209991723
1508689241
1629210363
1662239651
1413815022
1597993947
1281279321
1655108889
1484173319
1192033609
1622571203
1163084552
1164107160
1342347238
1378676046
1157848151
1455807501
1305703908
1494753665
1660763668
1314015440
1695554347
1616801207
1343970068
1391770960
1640501989
1412957980
1193751760
1276595934
1335738627
1466749326
1262856638
1318263105
1659601527
1277644130
1602147967
1236347126
1536214842
1239702630
1387803972
1370862786
1678137562
1557983133
1622368613
1436237723
1606938747
1435728710
1610728275
1197965567
1588743738
1590767979
1261057622
1534814422
1282737847
1664374790
1681207352
1202619351
1510772155
1456401937
1389063052
1458334198
1622738913
1599953763
1559853479
1678994223
1439486253
1662838530
1537350642
1307395773
1282534465
1423622220
1589828164
1196848498
1695981244
1310799182
1310539325
1456683733
1198340535
1638165275
1388150547
1457141736
1540453906
1283382407
1241650770
1266293250
1659785880
1711906621
1655577285
1360631897
1471880941
1393813172
1345479139
1265553902
1660942298
1159963427
1221088912
1542833848
1709098284
1184089147
1497776356
1214866492
1399774306
1660271143
1250701916
1258182844
1517347084
1611875678
1611328305
1483451502
1494741971
1500358251
1205700305
1708501498
1324206739
1570193085
1441149531
1580178980
1220391017
1281807845
1629648523
1420918830
1694728149
1652798979
1139514755
1271060503
1642903647
1584133459
1498922169
1492644775
1396018596
1378868062
1534061458
1270215451
1354555252
1493415652
1493813554
1440119304
1505993345
1430878933
1527376539
1206951418
1282303230
1317587865
1211279573
1465621402
1475669728
1414277332
1612891825
1304698686
1401823325
1500179973
1390057628
1327785055
1257997589
1543182809
1456573511
1179471670
1537252632
1340739347
1173535553
1607517175
1425555880
1337688641
1398223522
1334603554
1390194123
1273314991
1194769701
1278069682
1359883166
1160041545
1262169890
1618420456
1383989078
1144309589
1650043941
1665727814
1464998044
1679569200
1463534645
1362608129
1471130730
1390727773
1277734038
1260938931
1184273783
1653349942
1231511880
1480891496
1494143038
1564443616
1584421263
1487934260
1350203718
1424732624
1512825033
1506202869
1106791769
1099197324
1332845618
1307051290
1214565925
1359785764
1363841681
1294887213
1414295968
1633573950
1381855759
1616802613
1265503973
1192128173
1407469265
1235113691
1471777170
1183785323
1170641320
1624866456
1320038852
1235797706
1158991871
1239113912
1248542820
1527006527
1497112422
1569428070
1276224007
1415019664
1219991097
1232681691
1620460586
1622888155
1468328893
1118325865
1171737257
1074849883
1439478485
1417236842
1258442863
1583638076
1123201258
1241815221
1347505068
1534508059
1173752875
1295582811
1304810168
1187209009
1327670852
1463384091
1367471006
1462474355
1047713739
1176952400
1384676701
1123109971
1275676290
1143426883
1070084309
1065391618
1182228679
1430166573
1566432038
1559630416
1516989310
1567840107
1543626816
1447541077
1303240508
1196182493
1549403193
1354365753
1105650012
1175470824
1097350765
1102707371
1419517071
1277783841
1098518388
1373098499
1085051795
1025993181
1486746191
1378673434
1326450344
1178112214
1307660326
1208697532
1471750086
1102566626
1426047633
1401324611
1345112953
1018746847
1262602036
1068693039
1377064999
1401208638
1522564602
1456881311
1122323065
1458674344
1424790530
1272832186
1168129265
1286137257
1388250685
1332193815
1477905886
1177940531
1148592523
1107683041
1131900301
1041426026
1323518360
1444703583
1257273205
1368201750
1366936134
1219168671
984079845
1102544693
1068291546
992945821
1333788369
1045754546
1289618749
1268508930
1272076372
1466472416
1429686662
1245528799
1133421013
1505526576
1008208420
1327419016
992363627
1058924163
994983061
1041185762
1257815218
1154627454
1428789231
1315022553
1347635923
989032854
1470214420
1494100819
1300580182
1048260410
1114238501
939374363
1087847943
1448437685
968140482
964150375
992635126
934937614
1214135851
1031666885
1091480993
1052750430
1098170144
1008566423
929696521
1266170544
1170453990
1005074598
1054142634
1267252417
1169040877
1225020710
996148763
999168640
1244760646
1057251202
1073212525
949308161
1061858584
1125655525
1041990114
1207425596
1140698271
1271453773
1017231470
1115548474
1259853591
982286817
1068101317
1178083888
1318542879
1367679045
1019818416
1244004438
1262945300
1170780361
1181561523
1305924217
1143237958
989726919
854442272
1206290499
1194346769
1403754663
1153239331
894526235
1321698592
1129934019
1243501874
1306933210
1241685216
1383929532
1271039238
879479977
1048476655
1137200212
1135736083
1067379672
1162889508
1117631198
1171388854
1015849928
1037887175
1358979099
1163696133
971359375
1084936945
989117226
919327234
1258440221
857368575
995225736
1302348110
1223517135
958080882
1266887821
1306111008
1172030138
881183567
928641452
936219445
878997278
1325307275
856315673
1049082280
1087174147
1001538407
822877955
1095734641
844824733
765323686
982715070
747616540
843053715
975935210
1112033870
749278560
1225861440
972432142
734280581
1258304471
1264630927
1133451780
1177424096
941858627
811151037
801362890
743268772
902893881
1065948480
1160484551
1185312474
935963500
913007306
834673241
1075859705
1219644408
912442575
1128941307
885906167
1004482836
1025147748
1232444188
732805912
760810947
748496769
1055763291
842984122
898915322
824467165
964314886
1152181405
677135021
691447484
1152445393
826113858
911788572
850382223
940437134
786826555
733066443
1047197471
1057752082
1121160077
1142134358
638128585
1102527315
1186663965
1189991038
1154394994
1071291196
632045979
1015313455
670167959
1149876956
1064228526
940764275
915938624
1104162923
679113237
678987610
909132518
974453322
777904890
747209873
1002460518
650677250
636100495
886240990
844808185
1031023244
869494377
1104889716
718918296
937649104
896703106
983330583
976863173
720749740
769728773
1009823957
685863327
815687108
744389265
1061996086
644232835
1027148800
1065202611
609031694
1022912305
1006549499
603481364
735529732
999132993
606590072
837452667
552006961
754334069
540041948
540145083
884867785
878333934
1021156963
625934996
738669246
863855663
853524274
768989703
547573129
955283900
867121828
521310167
729831313
970386466
528507261
901552120
736262460
776071329
499805972
791144373
793418667
928029880
1005036380
542725173
773731056
913172225
830385081
557391383
984853575
471724219
808051533
548383153
935646624
852926081
1001871808
496106988
957143280
480941149
630737688
964648646
710370248
555719168
467334984
783793923
476065577
414438957
531360623
402345484
453821780
599786454
828658949
547159855
759010841
928791168
421687668
598023021
616577181
544007005
646663143
634939088
599919719
793395639
851700988
585584633
880823321
442194715
628384026
793009668
856439672
836989677
665814500
550781540
542636551
849291892
662762207
792397418
667486885
888733752
847541695
651598121
472892459
811675709
670245192
313703670
408992498
444571165
533572599
846563435
833994341
348899966
767774722
551931808
768973893
761503572
527161503
471579266
326019743
333465476
402429870
340931183
637470498
498964742
578114776
457656707
588400511
262987662
258798201
355686182
658685113
648795097
318988482
344535141
628561655
288918609
580391868
460727986
537981267
278746787
719037834
713516713
651847882
265250977
569174543
613253995
673382864
262677559
769977056
617509758
450494217
749705575
234457016
410822885
499193838
244668197
295318136
345283267
559054544
725147797
478961831
533931480
389078936
569929943
447704501
529581389
210310349
696039667
216334267
314347800
365216917
442690650
473768320
205159095
585404653
487381035
338126534
692460803
456549349
321621418
349790264
574601396
233944363
114615356
439630688
208904737
247703361
99323496
136749325
194449110
606744392
210232427
126905086
451997185
457293536
217443481
217749345
79070993
273353179
353953189
263298128
302645534
364876375
413579732
424689039
139837817
62000169
95832396
229600470
265890454
510878948
101905042
212843867
589408664
271085483
160170802
586356041
525708425
193808062
523960406
467206972
322937654
450274902
315969239
54184318
554677625
48054658
359305512
222991799
465719485
366520739
278081940
495611374
236005092
85593560
108031747
51058575
231452419
340832152
411132708
510658695
307929049
335250483
349206917
-49624594
438915834
430109100
296747757
205953094
83676118
475790639
310991643
348633384
399585362
362168195
239772329
326587147
278577904
156208906
468021670
66080727
374339914
-15394083
51719951
271630675
21260700
121780938
426244917
130026574
179413226
131309598
-99209866
230021619
175480220
398963289
105774760
136800551
126790109
-55043717
143683942
218159512
45197086
-47330866
349577982
343585930
319491844
8238156
60923514
-175725913
-124204087
81961971
374306275
-90782283
191983694
163875768
141846137
317158081
-53651097
219480465
-69333032
171396057
329103070
-55498055
110037844
39434762
-210438906
140214016
-132663176
229763497
150137994
-58594217
-87642618
-81499588
73875186
-178077450
89548958
307913326
77070922
293642162
157283088
-6278056
90120664
-204094538
-226728405
-122553898
-230700585
66788197
-223194844
70724901
-37198346
-183970719
257764471
4187419
184855279
-284193750
-290164400
4240756
242076835
116375009
-270781756
49326820
191440236
-192957680
-212894252
-164553068
-307077253
-64227916
-124887729
189908903
-217732889
198137417
192503821
152898128
-314252982
156560076
164431844
177767700
-238969060
9159544
121114469
-246660556
-315932878
-131784354
-352950795
-211618908
-70591164
6753622
141283104
-152234041
-35537593
-283859997
-33727966
-317660080
-328360595
3675810
21973528
-423220516
-213279973
-158073669
-14245187
-172695052
-180062135
53788339
-35602546
-188451809
-8896428
-164889488
62925060
-356561618
-326292643
49199357
-423835219
-281911062
-327679206
-330360333
-215496850
-402836507
-204120157
-85992447
-50047280
-88464837
-370575594
-403866366
37988747
-470026917
-408282530
-131034491
35300241
-172247211
-335758251
-32507896
-179690611
32757130
7076637
-188121229
-176195554
-10675599
-149413017
-172084075
-483502406
-424610139
-507527731
-134964723
-467992536
-57093079
-567531687
-462137377
-382063952
-284999259
-417101388
-297173891
-428690650
-31997551
-248761435
-320611792
-545241281
-74245223
-63859306
-430154338
-61876605
-88871952
-580390030
-489922994
-485163838
-186141526
-534136062
-256361031
-481357605
-476880862
-117941221
-477748616
-388306796
-290455165
-266908216
-79271795
-618276108
-333493699
-442050059
-363914160
-376569965
-639108764
-541763118
-424946293
-612651856
-105565309
-425462615
-412364748
-640037888
-248550027
-489880823
-664194499
-657564448
-500993170
-427498894
-373981706
-586979548
-537058148
-496804620
-433848785
-528230730
-465163969
-567102316
-222837403
-167441275
-518741578
-653521183
-660520895
-303767509
-541872849
-561587719
-489342686
-656997804
-436580212
-239723947
-274397038
-355615200
-655364039
-457762711
-210575097
-326073846
-222597547
-643994054
-592003164
-251419240
-677494114
-293606233
-682832580
-320263816
-791250255
-238572227
-570591924
-661299238
-547607706
-594159245
-724461482
-428848703
-567074761
-506993880
-353375429
-757023847
-578185970
-308156010
-510269036
-353268888
-692970230
-775345855
-603222359
-631313185
-718175507
-674667215
-544562823
-755640551
-725904943
-559086087
-441154832
-368793370
-838713834
-459368410
-521887646
-514887393
-843405892
-333748498
-671450846
-428195419
-526828139
-498633107
-390715795
-791450929
-671221797
-557287419
-506798936
-407614915
-738154264
-414083672
-638220099
-588573893
-733929178
-346636420
-488264989
-566093556
-353960922
-568169784
-389080528
-424074198
-933839081
-503865441
-672511376
-596358743
-587778919
-427010776
-930706634
-804921888
-628318081
-554933808
-768074069
-880975512
-837991923
-960780104
-945586936
-951621890
-723835506
-509377193
-742066091
-440416049
-936006920
-816212248
-512075468
-785590485
-617273247
-726231369
-848171675
-527606077
-544639738
-477126799
-440657940
-459613302
-997062775
-572940030
-456292945
-919174327
-634743262
-997907530
-549443443
-730904153
-467056029
-1002127181
-647667947
-1007607281
-944356491
-931578312
-912124410
-1033832697
-727999804
-566066181
-506893430
-1048138727
-925382472
-657575043
-805885242
-556158229
-548579327
-587978608
-950937213
-1061687488
-659053538
-837317150
-824157754
-607493705
-991841572
-706391866
-586281596
-1051276423
-941588536
-1053035209
-877386081
-698935041
-697308370
-798019430
-583925192
-892239430
-1025618530
-1106171871
-978354925
-652806460
-1107609475
-1089645560
-1059066706
-976669148
-949726755
-1009222084
-684886074
-875125828
-726276631
-716265045
-1077568440
-1113418670
-928725164
-715673923
-946815055
-797501022
-872509521
-1138848409
-1096898645
-768428069
-1014708193
-1062208284
-1080409590
-1078625635
-1160560845
-648756736
-779463414
-723669422
-659785166
-954864212
-630096192
-695819129
-1156597315
-975065330
-1007617433
-935877529
-1104200630
-1149593998
-844974726
-1102396349
-1043572730
-1054905466
-1033946295
-686314565
-771815960
-782649130
-927098123
-850370537
-853431677
-987401439
-1027765548
-670365055
-1199550497
-723526041
-1245197837
-1157877920
-1118770608
-680240211
-1237760080
-805970134
-797853566
-764906396
-939890808
-953198504
-780969647
-1033899848
-873430459
-1140638595
-1127084467
-1000015753
-1255055081
-1015767841
-1219876161
-1048839644
-810171595
-1067699199
-982553658
-987451856
-1162416587
-1186346084
-1075138604
-1277658669
-908410731
-1081889360
-968784329
-1040952276
-909001294
-817811209
-745861847
-994571364
-919259741
-853288745
-1014026245
-1248470648
-913488796
-1041631449
-952351383
-935862480
-1207400784
-999335691
-1193341513
-1126375426
-1046868953
-982621171
-789053492
-987988428
-1096745134
-902279047
-1196196116
-953432459
-1181001718
-1099924107
-1127295278
-954682151
-1091174663
-810797059
-1075935614
-1104768602
-882202999
-919198504
-1330731194
-938007254
-1335614001
-859466790
-1194059356
-1289471220
-1137774768
-1184305487
-1155054146
-1161115359
-1138086886
-949848517
-847028800
-879650498
-1124972631
-843117770
-1235169984
-917295016
-1366932881
-1285147577
-1219465537
-1375625681
-1213932575
-900068180
-1146491303
-1340695525
-1086273846
-916601260
-984559550
-1028147552
-919082758
-1255087886
-1328451260
-1089061642
-1410821216
-1251832270
-1362458319
-1273842900
-986243923
-1129897878
-1271277034
-1373439679
-1357496917
-1289063702
-1226516179
-974566909
-906924823
-940880908
-1113116871
-1121587404
-1251939468
-976364947
-1072492509
-1266491979
-1333347333
-1043946405
-1052878502
-1287028844
-1044348421
-1464141764
-1308208055
-1304586095
-1254051826
-1223569793
-1430905592
-1094804295
-1361797502
-1183839305
-1366507928
-1122692851
-1407935541
-1219048188
-1032492617
-940889515
-1237086207
-1431881955
-1419916689
-1343794068
-1219594281
-1292524376
-1333994573
-1321950726
-1200253689
-1207631355
-1460256704
-1357778555
-1020151219
-1127503118
-1361629865
-1345494579
-1377857252
-997340610
-953270706
-1449511296
-1131410419
-1502703318
-1476985492
-1372630799
-1281821383
-1265840495
-989798959
-1045598549
-1273915423
-1017016077
-1045654141
-1031266975
-1527212193
-1317708921
-976636670
-1139623423
-1325678735
-1186677943
-1144733332
-1446920716
-1275841407
-1183197705
-1237550295
-1059929470
-1451870383
-1023514230
-1560583550
-1497312644
-1093982693
-1023752735
-1563260146
-1362031823
-1200575729
-1000978395
-1228257539
-1232892868
-1298799610
-1571395194
-1067913878
-1578077682
-1025202700
-1239147260
-1385587934
-1410470945
-1186800568
-1528455686
-1130435549
-1455792927
-1533681221
-1503158529
-1409158204
-1115187025
-1531159731
-1454883070
-1030061226
-1577615387
-1348054725
-1303814567
-1208032828
-1029518967
-1138330471
-1193354083
-1512010175
-1398199188
-1186845861
-1109222304
-1574127611
-1439661508
-1590367407
-1218399113
-1597635317
-1185243182
-1596232505
-1524537638
-1189544712
-1106316314
-1514455857
-1545386730
-1298021585
-1606860394
-1083422360
-1162352816
-1446603002
-1265780036
-1091681030
-1427303289
-1558330026
-1437487674
-1262449642
-1227710309
-1460012649
-1131519987
-1296178561
-1206111729
-1206954482
-1155778758
-1427634232
-1219405914
-1585203172
-1474363754
-1110498420
-1243022096
-1420975815
-1166902567
-1477166107
-1502505626
-1544559059
-1219836737
-1546471660
-1298776081
-1161104982
-1563696763
-1615009953
-1448706429
-1453981673
-1636455975
-1105887267
-1301232474
-1245878623
-1608026156
-1432716843
-1168524373
-1300459777
-1621858399
-1531858910
-1431063707
-1377291882
-1551828861
-1402226752
-1544894317
-1150113006
-1237552124
-1326909786
-1603857043
-1202015749
-1256894782
-1650307651
-1143236546
-1359695654
-1294136430
-1328947599
-1429073204
-1459960783
-1382501952
-1332046103
-1601112808
-1348720160
-1534890049
-1252813479
-1583149559
-1128783504
-1313624174
-1204976281
-1461002060
-1645479611
-1540449356
-1466986432
-1664246345
-1218986003
-1603153604
-1554347269
-1216233252
-1178511987
-1462183943
-1225366913
-1478877233
-1679277122
-1378546705
-1220758371
-1537923642
-1685064375
-1266699349
-1610766718
-1686916303
-1207852211
-1635979844
-1620239427
-1132084252
-1186509560
-1612028707
-1260386204
-1306294669
-1604810970
-1150118103
-1178494108
-1678213576
-1287175009
-1315638010
-1433509452
-1461442791
-1550560043
-1362875293
-1535583463
-1387730729
-1370270997
-1693085637
-1333419540
-1137214742
-1202269456
-1538977044
-1493839674
-1527107281
-1297735132
-1560545779
-1675420299
-1480629173
-1634236071
-1410698272
-1496943067
-1431094826
-1435893560
-1483639980
-1707934052
-1262520414
-1330035919
-1475852632
-1198568692
-1483277670
-1284244098
-1352117515
-1665607422
-1473090466
-1526440504
-1277867417
-1168958584
-1328925236
-1277475068
-1559225318
-1301686767
-1377124040
-1142142255
-1580234685
-1319416071
-1630458535
-1307084014
-1314236332
-1610965559
-1425877020
-1394867840
-1315244138
-1652786348
-1498134626
-1391703361
-1217334348
-1249558739
-1364354701
-1698918013
-1232242808
-1642224937
-1337919657
-1192140050
-1621005931
-1348423073
-1200049130
-1506420570
-1403021935
-1269337608
-1244836044
-1223255791
-1330157321
-1350612520
-1675455295
-1423912596
-1359933564
-1455649190
-1534111607
-1599701365
-1622671088
-1573505980
-1316182771
-1374000399
-1191252187
-1478193057
-1551370695
-1453963010
-1531095324
-1711612720
-1299871483
-1445953010
-1202468771
-1697431274
-1349876893
-1449350652
-1679419844
-1532264937
-1187501596
-1200659495
-1617675500
-1457356111
-1517073894
-1359471158
-1183976527
-1283406171
-1629935825
-1642150143
-1361384229
-1344976365
-1443466926
-1149770494
-1190113015
-1480168454
-1386251579
-1326144667
-1689904060
-1673357163
-1337681480
-1254992996
-1557995134
-1593765068
-1617058309
-1412079906
-1400381814
-1507787254
-1695125406
-1611876015
-1692206918
-1604358991
-1639715030
-1680152329
-1698870126
-1266157394
-1229123825
-1153882077
-1477431594
-1646466713
-1685623664
-1460834228
-1442572839
-1473546375
-1574841423
-1622254392
-1575305029
-1704239281
-1141480390
-1528625499
-1696625796
-1561092012
-1163337119
-1651984289
-1621705554
-1452810089
-1229044298
-1150650197
-1179556271
-1310733865
-1178954099
-1307852165
-1592525838
-1344057561
-1464298914
-1517411016
-1251448018
-1677626165
-1129760716
-1597474764
-1154885574
-1310667420
-1427546153
-1442707454
-1159961372
-1578853573
-1503953380
-1670320067
-1412837436
-1336485330
-1480275760
-1427660226
-1339242514
-1410474750
-1636189520
-1422445962
-1287544523
-1126038013
-1648110167
-1116854438
-1489825058
-1577922825
-1380496140
-1621671272
-1244585195
-1116895679
-1181933365
-1373914430
-1212967754
-1361495881
-1299338468
-1541994314
-1168071739
-1208760196
-1166146720
-1444814531
-1667109153
-1577517782
-1661890654
-1397518536
-1371933716
-1457270199
-1519245186
-1577245476
-1416993754
-1181351152
-1546709827
-1261097113
-1278993311
-1392738490
-1341273316
-1278009392
-1264026315
-1294433306
-1491498010
-1180975496
-1608541348
-1352819532
-1111633479
-1572444938
-1206818728
-1361224990
-1536224958
-1338922701
-1453398237
-1630328965
-1088916813
-1161524610
-1170843273
-1204573907
-1251939515
-1522838542
-1527460423
-1393557165
-1574508132
-1426242159
-1541058383
-1416324003
-1332483326
-1334307775
-1242411910
-1483902177
-1395953488
-1298666355
-1106194542
-1248783705
-1601857306
-1263081971
-1180932227
-1308586853
-1130834876
-1244246405
-1333468230
-1619435199
-1600071464
-1181330301
-1202061005
-1091564207
-1414186739
-1097050298
-1124847196
-1227582894
-1177208511
-1257269899
-1451083220
-1132031729
-1418543034
-1543593222
-1567887870
-1126264386
-1245577780
-1554685718
-1377224784
-1602717577
-1307213436
-1155216212
-1109962948
-1453154765
-1260696548
-1595645337
-1454542186
-1122975546
-1437638125
-1341652554
-1527893713
-1368820260
-1311916294
-1020548690
-1277640201
-1361157267
-1256426257
-1104151732
-1399499926
-1081603084
-1098463650
-1191162067
-1304581604
-1298409375
-1257180053
-1119077298
-1171386762
-1259280255
-1094733274
-1139835207
-1059629546
-1293265883
-1493781698
-1034666439
-1397111610
-1283758483
-1330245113
-1168115322
-1354517623
-1438177412
-1451900747
-1208264312
-1346511771
-1097875962
-1083785151
-1485002378
-1336570288
-1462445229
-1357015615
-1070324274
-1035172503
-1514956713
-1502758644
-1457118396
-1072011277
-1275590614
-1418103658
-1047519761
-989914647
-1154571735
-989710771
-1463924056
-1331776066
-1102024210
-1089611248
-1090252504
-1367625432
-1196028315
-1115257017
-1190677880
-1266575941
-1160039271
-1436474911
-1305246907
-1328928203
-937490695
-1159801168
-1219901054
-1386742829
-1267649204
-945227932
-1460820504
-1143008093
-1365207695
-1047601080
-1467711876
-1366687598
-1187286664
-1323527176
-1143215098
-1339473000
-1152406134
-1369812831
-1321474895
-948494585
-1232891452
-1318895434
-1053883582
-1097235660
-1433332220
-1075886207
-1038082983
-1195425920
-1374423847
-1111968115
-1213162834
-1353211107
-1195019553
-1286791646
-955713843
-912294415
-940310948
-1327993505
-1427857361
-1363251126
-1063921417
-1206562894
-1228021941
-1231692002
-875167869
-1183013268
-1219819695
-1356388886
-1052291108
-1171251780
-1210587818
-870792696
-1204373236
-1283308532
-1423409553
-873808793
-1165182322
-1388759978
-922254495
-1070671573
-1103132656
-991649566
-926613023
-1138647341
-1027205829
-1387053735
-1134192566
-1291202860
-1379888373
-1319226295
-1357956080
-1334371404
-844298102
-1036465961
-1359681179
-951173359
-1023495636
-1252479462
-881754379
-860144426
-1291293782
-1005312834
-1173711939
-1171576760
-1081588021
-1050690309
-1070748483
-1163232166
-918252730
-937549025
-985760477
-909550446
-933935542
-1282541847
-860387656
-1177995804
-978573039
-942629805
-1109216276
-1197769899
-1087211584
-1115919229
-1267480297
-873698028
-1096289777
-963999022
-1263769351
-1282510019
-1277277320
-950038136
-890428321
-927716002
-1115882622
-1039391022
-785900511
-1234181516
-847120699
-1164591404
-1006133867
-1286809315
-855595655
-741670416
-824780240
-836506131
-780811533
-1216009125
-1139789174
-1235925699
-795352887
-1099728734
-1067781538
-1024535377
-904045568
-877113180
-772995476
-1160212298
-860564670
-702545765
-1149177909
-827319147
-1080566877
-691982269
-951323304
-888774026
-1191902116
-1025511508
-717887385
-953058580
-774035204
-865328180
-1127248488
-818801104
-1203340973
-942539353
-1159554861
-959595287
-936997905
-1098491323
-747789559
-994938502
-1104883587
-903358549
-944515783
-861740174
-1164877205
-877687205
-636449552
-1192876462
-760604414
-1034483554
-1054497465
-703910463
-944262217
-722294096
-793886277
-904340086
-917421102
-758346655
-720023883
-645974763
-1083059065
-749170635
-833828842
-840801384
-816243392
-1082629345
-780373732
-1103728888
-694224261
-783098728
-1110320356
-1130786521
-943206589
-833403249
-911011727
-624272879
-996185950
-946320818
-731214179
-977744561
-637674783
-869017940
-872064082
-1059302068
-707425450
-944312697
-1108256270
-966304673
-746376172
-962729771
-899023989
-823044717
-883940075
-703066020
-644428489
-1044310695
-754024555
-814028885
-795005346
-973410252
-827417238
-861352606
-948462618
-808751982
-866120587
-1043573432
-576671596
-608113072
-908522626
-905615250
-728271775
-563271468
-1051267081
-1028799281
-801502308
-874044389
-518748873
-609235994
-902851789
-899103789
-933075619
-602029353
-560894591
-667273360
-982273477
-559508451
-806704249
-698780573
-842602009
-463832567
-715690215
-744969640
-782278809
-848448526
-722730272
-763383590
-763109179
-602515710
-909697322
-758284418
-664124193
-869049066
-639237001
-650443137
-627737618
-448763759
-514777950
-487190153
-529530903
-724768585
-445415723
-790892304
-706200014
-915305358
-919336275
-953231063
-816540412
-608242878
-909861442
-621816858
-673450842
-883704266
-702253558
-370308654
-873659633
-661327994
-634902607
-508444309
-391414460
-600392803
-860954233
-366304293
-437336710
-822105903
-643550291
-769092187
-710391576
-821743278
-468734453
-542124781
-443486220
-593980933
-624920632
-708889374
-735611093
-721365317
-789030793
-523277885
-405941569
-819478818
-499257971
-424918857
-459799773
-292963118
-798740719
-455465986
-332130717
-808259775
-777340249
-557654426
-339607246
-813012523
-716616933
-487779502
-686548028
-632898754
-772505699
-747021467
-703804428
-792988325
-783814453
-789231159
-641377302
-510288291
-452321690
-271558197
-302034163
-742251627
-725697524
-637894483
-437078194
-496600727
-693167525
-770013671
-604337039
-713763151
-599549388
-705368180
-361350170
-717268733
-566473357
-493632636
-557342496
-231427301
-726350948
-490213198
-737630328
-492291086
-450113278
-317975288
-719587610
-319446676
-552277925
-463375822
-299168763
-300627846
-717429228
-368269398
-622860293
-338953343
-151036631
-592912773
-489480651
-649024387
-502416407
-328864172
-551088256
-519211831
-490383071
-516064176
-180316677
-357372850
-323773232
-329645567
-459935977
-311679730
-160991228
-184269266
-87528459
-638189994
-181444853
-304431799
-643014761
-304578018
-439228657
-236216360
-516976867
-588781811
-630668040
-154500405
-590172961
-403237670
-61129674
-65528704
-553945161
-495264467
-451464586
-43921288
-357440296
-582218536
-455389721
-569118717
-367067378
-571330044
-422909276
-582866935
-35100054
-64110034
-235691044
-93884179
-137345105
-364011345
-234502876
-221256031
-201807082
-372016124
13485662
-16707004
-432905734
-479561024
-48294173
-203154435
-382881268
-379692797
-437713851
-171824719
-117055722
-122122019
-329698292
-374063101
-405012591
26744274
-459121710
-274204054
-332586977
-401907855
-293740238
-486484223
-233851379
-162095011
-17957722
-437888695
-55637160
-319953331
-324248091
-317485728
-37077511
67960870
72578246
-44412628
-65665620
-253783803
-409121449
-358753323
-354389248
-298565897
-379602189
-372490599
34148020
-137394689
-235530667
-115155182
-394700529
-104889181
-112667840
-222486829
-232849819
-1610539
-146451411
-67275946
-354941645
-35673555
-209794956
31536125
56843383
-89805776
-298786361
-38977773
-340460244
-250198952
-349570255
-121670060
-150714061
88547104
198540654
-311776086
-349761738
197876043
191074997
183322949
159304700
-34096807
-332012333
-231406065
83459816
-143208101
85393267
84449115
125615208
36733171
-261877017
210626034
132578936
24032520
85268052
179607736
154210461
-205892475
-109727523
216137225
79263093
-73499682
140035689
