0
179434046
356038310
527027638
689705424
841506145
980035810
1103109726
1208786942
1295400866
1361585544
1406297205
1428830719
1428830719
1406297205
1361585544
1295400866
1208786942
1103109726
980035810
841506145
689705424
527027638
356038310
179434046
0
-179434046
-356038310
-527027638
-689705424
-841506145
-980035810
-1103109726
-1208786942
-1295400866
-1361585544
-1406297205
-1428830719
-1428830719
-1406297205
-1361585544
-1295400866
-1208786942
-1103109726
-980035810
-841506145
-689705424
-527027638
-356038310
-179434046
0
179434046
356038310
527027638
689705424
841506145
980035810
1103109726
1208786942
1295400866
1361585544
1406297205
1428830719
1428830719
1406297205
1361585544
1295400866
1208786942
1103109726
980035810
841506145
689705424
527027638
356038310
179434046
0
-179434046
-356038310
-527027638
-689705424
-841506145
-980035810
-1103109726
-1208786942
-1295400866
-1361585544
-1406297205
-1428830719
-1428830719
-1406297205
-1361585544
-1295400866
-1208786942
-1103109726
-980035810
-841506145
-689705424
-527027638
-356038310
-179434046
0
