0
0
0
0
0
0
0
0
0
0
0
0
0
0
0
0
0
0
0
0
0
0
0
0
0
0
0
0
0
0
0
0
0
0
0
0
0
0
0
0
0
0
0
0
5
5
6
6
6
6
5
5
0
0
0
0
0
-5
-6
-8
-9
-10
-11
-11
-11
-10
-9
-7
-5
0
0
0
6
9
12
14
16
18
18
18
17
15
13
10
6
0
0
-7
-12
-16
-20
-23
-25
-27
-27
-26
-24
-21
-16
-11
-5
0
8
14
21
26
31
35
37
38
38
35
31
26
19
12
0
-6
-15
-24
-32
-39
-45
-49
-52
-52
-50
-45
-39
-31
-21
-10
0
14
26
38
48
57
63
67
69
67
63
56
46
34
20
5
-11
-27
-42
-56
-68
-78
-85
-88
-88
-84
-77
-66
-52
-35
-16
0
24
44
63
80
94
104
111
113
110
103
91
75
55
33
8
-18
-43
-68
-90
-109
-124
-135
-140
-139
-133
-121
-103
-81
-54
-25
6
38
69
99
124
146
161
171
174
169
157
139
114
84
49
12
-27
-66
-103
-137
-166
-188
-204
-211
-210
-199
-181
-154
-120
-80
-36
10
58
104
147
185
216
239
253
256
249
231
203
166
122
71
16
-41
-97
-151
-200
-242
-274
-296
-306
-303
-288
-261
-221
-172
-115
-51
16
84
150
212
266
310
342
361
365
354
328
288
236
172
99
21
-59
-139
-215
-284
-342
-387
-417
-431
-426
-404
-365
-310
-240
-159
-70
24
119
211
296
371
432
476
502
507
491
455
399
325
236
136
28
-84
-194
-298
-392
-472
-533
-574
-591
-585
-554
-499
-423
-327
-216
-94
35
164
290
406
507
589
649
683
689
666
616
539
438
317
181
35
-116
-264
-405
-531
-637
-720
-773
-796
-786
-744
-669
-566
-437
-287
-123
49
223
391
545
680
789
867
911
918
887
819
716
581
419
238
43
-157
-354
-540
-707
-847
-955
-1025
-1054
-1040
-982
-882
-745
-574
-376
-159
69
297
518
720
897
1039
1141
1198
1205
1164
1073
936
758
546
307
52
-210
-467
-710
-927
-1109
-1249
-1339
-1375
-1355
-1278
-1147
-967
-743
-485
-202
94
391
677
940
1168
1352
1482
1554
1563
1507
1387
1209
977
702
392
62
-277
-609
-922
-1201
-1436
-1614
-1729
-1774
-1746
-1646
-1475
-1241
-952
-618
-254
127
509
876
1213
1505
1739
1906
1996
2005
1931
1776
1546
1247
893
496
72
-361
-787
-1186
-1543
-1841
-2068
-2213
-2268
-2230
-2100
-1880
-1580
-1209
-782
-316
170
657
1125
1553
1924
2221
2431
2543
2553
2457
2257
1962
1581
1128
622
82
-469
-1009
-1516
-1968
-2346
-2632
-2814
-2882
-2832
-2664
-2383
-1999
-1526
-983
-391
226
844
1436
1978
2447
2822
3086
3227
3236
3111
2857
2480
1995
1420
777
93
-606
-1290
-1932
-2503
-2979
-3340
-3568
-3652
-3586
-3370
-3012
-2524
-1923
-1234
-483
299
1081
1831
2517
3109
3582
3914
4090
4099
3939
3613
3134
2517
1787
971
103
-783
-1650
-2462
-3186
-3788
-4243
-4530
-4634
-4548
-4272
-3815
-3193
-2429
-1553
-598
396
1390
2342
3213
3964
4564
4984
5205
5215
5009
4592
3979
3192
2260
1220
113
-1017
-2123
-3159
-4081
-4849
-5429
-5794
-5925
-5813
-5458
-4872
-4074
-3095
-1971
-747
529
1804
3026
4143
5108
5877
6417
6701
6712
6445
5908
5117
4100
2897
1553
121
-1340
-2772
-4113
-5308
-6304
-7057
-7531
-7701
-7556
-7095
-6332
-5293
-4016
-2549
-950
718
2387
3989
5455
6723
7736
8448
8824
8841
8493
7786
6744
5401
3809
2029
129
-1814
-3720
-5510
-7107
-8442
-9454
-10095
-10331
-10143
-9531
-8510
-7116
-5396
-3416
-1252
1011
3282
5466
7472
9212
10610
11598
12128
12167
11702
10741
9312
7462
5259
2785
135
-2585
-5264
-7791
-10057
-11963
-13420
-14357
-14721
-14483
-13637
-12201
-10218
-7757
-4905
-1769
1529
4857
8080
11060
13668
15784
17307
18157
18276
17637
16243
14128
11354
8015
4230
140
-4098
-8313
-12331
-15979
-19093
-21526
-23151
-23871
-23620
-22371
-20134
-16962
-12945
-8212
-2926
2719
8508
14211
19590
24409
28442
31485
33362
33935
33109
30839
27136
22065
15748
8364
142
-8641
-17670
-26601
-35069
-42701
-49125
-53991
-56970
-57778
-56180
-52000
-45131
-35540
-23271
-8448
8730
27986
48976
71297
94493
118073
141518
164298
185891
205789
223519
238655
250831
259747
265187
267015
265187
259747
250831
238655
223519
205789
185891
164298
141518
118073
94493
71297
48976
27986
8730
-8448
-23271
-35540
-45131
-52000
-56180
-57778
-56970
-53991
-49125
-42701
-35069
-26601
-17670
-8641
142
8364
15748
22065
27136
30839
33109
33935
33362
31485
28442
24409
19590
14211
8508
2719
-2926
-8212
-12945
-16962
-20134
-22371
-23620
-23871
-23151
-21526
-19093
-15979
-12331
-8313
-4098
140
4230
8015
11354
14128
16243
17637
18276
18157
17307
15784
13668
11060
8080
4857
1529
-1769
-4905
-7757
-10218
-12201
-13637
-14483
-14721
-14357
-13420
-11963
-10057
-7791
-5264
-2585
135
2785
5259
7462
9312
10741
11702
12167
12128
11598
10610
9212
7472
5466
3282
1011
-1252
-3416
-5396
-7116
-8510
-9531
-10143
-10331
-10095
-9454
-8442
-7107
-5510
-3720
-1814
129
2029
3809
5401
6744
7786
8493
8841
8824
8448
7736
6723
5455
3989
2387
718
-950
-2549
-4016
-5293
-6332
-7095
-7556
-7701
-7531
-7057
-6304
-5308
-4113
-2772
-1340
121
1553
2897
4100
5117
5908
6445
6712
6701
6417
5877
5108
4143
3026
1804
529
-747
-1971
-3095
-4074
-4872
-5458
-5813
-5925
-5794
-5429
-4849
-4081
-3159
-2123
-1017
113
1220
2260
3192
3979
4592
5009
5215
5205
4984
4564
3964
3213
2342
1390
396
-598
-1553
-2429
-3193
-3815
-4272
-4548
-4634
-4530
-4243
-3788
-3186
-2462
-1650
-783
103
971
1787
2517
3134
3613
3939
4099
4090
3914
3582
3109
2517
1831
1081
299
-483
-1234
-1923
-2524
-3012
-3370
-3586
-3652
-3568
-3340
-2979
-2503
-1932
-1290
-606
93
777
1420
1995
2480
2857
3111
3236
3227
3086
2822
2447
1978
1436
844
226
-391
-983
-1526
-1999
-2383
-2664
-2832
-2882
-2814
-2632
-2346
-1968
-1516
-1009
-469
82
622
1128
1581
1962
2257
2457
2553
2543
2431
2221
1924
1553
1125
657
170
-316
-782
-1209
-1580
-1880
-2100
-2230
-2268
-2213
-2068
-1841
-1543
-1186
-787
-361
72
496
893
1247
1546
1776
1931
2005
1996
1906
1739
1505
1213
876
509
127
-254
-618
-952
-1241
-1475
-1646
-1746
-1774
-1729
-1614
-1436
-1201
-922
-609
-277
62
392
702
977
1209
1387
1507
1563
1554
1482
1352
1168
940
677
391
94
-202
-485
-743
-967
-1147
-1278
-1355
-1375
-1339
-1249
-1109
-927
-710
-467
-210
52
307
546
758
936
1073
1164
1205
1198
1141
1039
897
720
518
297
69
-159
-376
-574
-745
-882
-982
-1040
-1054
-1025
-955
-847
-707
-540
-354
-157
43
238
419
581
716
819
887
918
911
867
789
680
545
391
223
49
-123
-287
-437
-566
-669
-744
-786
-796
-773
-720
-637
-531
-405
-264
-116
35
181
317
438
539
616
666
689
683
649
589
507
406
290
164
35
-94
-216
-327
-423
-499
-554
-585
-591
-574
-533
-472
-392
-298
-194
-84
28
136
236
325
399
455
491
507
502
476
432
371
296
211
119
24
-70
-159
-240
-310
-365
-404
-426
-431
-417
-387
-342
-284
-215
-139
-59
21
99
172
236
288
328
354
365
361
342
310
266
212
150
84
16
-51
-115
-172
-221
-261
-288
-303
-306
-296
-274
-242
-200
-151
-97
-41
16
71
122
166
203
231
249
256
253
239
216
185
147
104
58
10
-36
-80
-120
-154
-181
-199
-210
-211
-204
-188
-166
-137
-103
-66
-27
12
49
84
114
139
157
169
174
171
161
146
124
99
69
38
6
-25
-54
-81
-103
-121
-133
-139
-140
-135
-124
-109
-90
-68
-43
-18
8
33
55
75
91
103
110
113
111
104
94
80
63
44
24
0
-16
-35
-52
-66
-77
-84
-88
-88
-85
-78
-68
-56
-42
-27
-11
5
20
34
46
56
63
67
69
67
63
57
48
38
26
14
0
-10
-21
-31
-39
-45
-50
-52
-52
-49
-45
-39
-32
-24
-15
-6
0
12
19
26
31
35
38
38
37
35
31
26
21
14
8
0
-5
-11
-16
-21
-24
-26
-27
-27
-25
-23
-20
-16
-12
-7
0
0
6
10
13
15
17
18
18
18
16
14
12
9
6
0
0
0
-5
-7
-9
-10
-11
-11
-11
-10
-9
-8
-6
-5
0
0
0
0
0
5
5
6
6
6
6
5
5
0
0
0
0
0
0
0
0
0
0
0
0
0
0
0
0
0
0
0
0
0
0
0
0
0
0
0
0
0
0
0
0
0
0
0
0
0
0
0
0
0
0
0
0
