0
0
0
0
0
0
0
0
0
0
0
0
0
0
0
0
0
0
0
0
0
0
0
0
0
0
0
0
0
0
0
0
0
0
0
0
0
0
0
0
0
0
0
0
0
0
0
0
0
0
0
0
0
0
0
0
0
0
0
0
0
0
0
0
0
0
0
0
0
0
0
0
0
0
0
0
0
0
0
0
0
0
0
0
0
0
0
0
0
0
0
0
0
0
0
0
0
0
0
0
0
0
0
0
0
0
0
0
0
0
0
0
0
0
0
0
0
0
0
0
0
0
0
0
0
0
0
0
0
0
0
0
0
0
0
0
0
0
0
0
0
0
0
0
0
0
0
0
0
0
0
0
2422
2924
3224
3258
2977
2363
0
0
0
-2687
-4129
-5375
-6282
-6721
-6595
-5849
-4483
-2555
0
2456
5153
7663
9738
11147
11698
11259
9781
7302
3956
0
-4359
-8668
-12572
-15693
-17688
-18293
-17346
-14811
-10792
-5531
0
7122
13495
19149
23539
26194
26765
25061
21081
15022
7276
0
-10885
-19821
-27606
-33494
-36861
-37265
-34494
-28602
-19914
-9018
3275
15984
28040
38371
45993
50105
50164
45946
37587
25584
10774
-5719
-22572
-38361
-51683
-61275
-66131
-65602
-59470
-47983
-31861
-12257
9326
31143
51346
68140
79938
85506
84083
75474
60084
38917
13512
-14162
-41854
-67214
-87990
-102219
-108414
-105703
-93939
-73733
-46444
-14086
20812
55400
86736
112037
128914
135599
131115
115394
89317
54677
14064
-29325
-71932
-110127
-140515
-160227
-167190
-160329
-139700
-106521
-63121
-12777
40523
92393
138407
174470
197179
204131
194170
167524
125837
72083
10359
-54421
-116909
-171763
-214098
-239913
-246458
-232519
-198557
-146745
-80828
-5869
72133
146722
211512
260728
289708
295346
276390
233623
169853
89748
0
-93626
-181916
-257793
-314482
-346608
-350691
-325490
-272189
-194375
-97805
10006
120363
224086
312266
377021
412197
413932
381052
315257
221060
105498
-22389
-152250
-273257
-375000
-448373
-486384
-484792
-442558
-362021
-248801
-111422
39311
191162
331443
448068
530585
571102
565016
511503
413689
278499
116193
-60413
-236936
-398599
-531453
-623573
-666111
-654124
-587103
-469133
-308673
-117979
87825
291940
477242
627720
729846
773762
754226
671160
529801
340404
117521
-121106
-355950
-567273
-736789
-849222
-893673
-864635
-762608
-594207
-371775
-112490
162940
431921
671810
861815
984780
1028709
987907
863615
664086
404071
103745
-212826
-519618
-790764
-1002720
-1136302
-1178391
-1123181
-972849
-737573
-434885
-88374
274116
622725
928011
1163425
1307596
1346258
1273591
1092938
816740
465710
67323
-346331
-741107
-1083607
-1343996
-1498564
-1531865
-1438200
-1222337
-899347
-493608
-36982
433659
879390
1262448
1549392
1714008
1739664
1620927
1364286
987877
520264
0
-535810
-1037782
-1465020
-1780146
-1954260
-1969539
-1820991
-1517169
-1079772
-542141
53245
658103
1222236
1697674
2042725
2225609
2227284
2043445
1685081
1178019
561071
-116899
-800801
-1433783
-1961915
-2338760
-2529414
-2513694
-2288122
-1866651
-1279855
-572809
198359
970880
1680419
2266411
2677161
2874407
2836740
2561905
2067273
1388956
579202
-297579
-1169908
-1965010
-2614862
-3061925
-3264261
-3199300
-2866204
-2286469
-1502588
-575105
422105
1407613
2299053
3019985
3506283
3711969
3613227
3211068
2531819
1625456
562052
-573563
-1688528
-2689487
-3490327
-4019510
-4226441
-4086060
-3601631
-2805172
-1755388
-533525
762859
2027620
3154632
4046611
4623447
4829219
4637534
4054385
3118469
1898876
489970
-995702
-2436342
-3710809
-4708637
-5339547
-5541431
-5286267
-4583310
-3479310
-2055595
-422262
1290240
2941366
4391905
5515533
6209664
6404634
6070378
5219953
3909730
2235896
327566
-1662953
-3572167
-5238593
-6516260
-7287228
-7472148
-7038077
-6002475
-4433330
-2445039
-190338
2151156
4387009
6327475
7801293
8670401
8842565
8280268
7005844
5101412
2704197
-2977
-2805215
-5472218
-7776747
-9513417
-10516550
-10675098
-9943966
-8350039
-5992768
-3038668
289717
3729964
6999745
9819176
11933867
13136952
13287877
12326857
10283268
7277157
3513584
-730226
-5124090
-9309191
-12925811
-15642464
-17184164
-17357552
-16070801
-13346353
-9325577
-4263979
1482612
7480373
13247247
18288036
22132396
24373510
24703578
22944790
19071524
13223925
5709300
-3008045
-12328639
-21550428
-29909938
-36630704
-40973560
-42288676
-40062812
-33960308
-23854464
-9845933
7730898
28318222
51158000
75328784
99793352
123454968
145219072
164054432
179053104
189482576
194829600
194829600
189482576
179053104
164054432
145219072
123454968
99793352
75328784
51158000
28318222
7730898
-9845933
-23854464
-33960308
-40062812
-42288676
-40973560
-36630704
-29909938
-21550428
-12328639
-3008045
5709300
13223925
19071524
22944790
24703578
24373510
22132396
18288036
13247247
7480373
1482612
-4263979
-9325577
-13346353
-16070801
-17357552
-17184164
-15642464
-12925811
-9309191
-5124090
-730226
3513584
7277157
10283268
12326857
13287877
13136952
11933867
9819176
6999745
3729964
289717
-3038668
-5992768
-8350039
-9943966
-10675098
-10516550
-9513417
-7776747
-5472218
-2805215
-2977
2704197
5101412
7005844
8280268
8842565
8670401
7801293
6327475
4387009
2151156
-190338
-2445039
-4433330
-6002475
-7038077
-7472148
-7287228
-6516260
-5238593
-3572167
-1662953
327566
2235896
3909730
5219953
6070378
6404634
6209664
5515533
4391905
2941366
1290240
-422262
-2055595
-3479310
-4583310
-5286267
-5541431
-5339547
-4708637
-3710809
-2436342
-995702
489970
1898876
3118469
4054385
4637534
4829219
4623447
4046611
3154632
2027620
762859
-533525
-1755388
-2805172
-3601631
-4086060
-4226441
-4019510
-3490327
-2689487
-1688528
-573563
562052
1625456
2531819
3211068
3613227
3711969
3506283
3019985
2299053
1407613
422105
-575105
-1502588
-2286469
-2866204
-3199300
-3264261
-3061925
-2614862
-1965010
-1169908
-297579
579202
1388956
2067273
2561905
2836740
2874407
2677161
2266411
1680419
970880
198359
-572809
-1279855
-1866651
-2288122
-2513694
-2529414
-2338760
-1961915
-1433783
-800801
-116899
561071
1178019
1685081
2043445
2227284
2225609
2042725
1697674
1222236
658103
53245
-542141
-1079772
-1517169
-1820991
-1969539
-1954260
-1780146
-1465020
-1037782
-535810
0
520264
987877
1364286
1620927
1739664
1714008
1549392
1262448
879390
433659
-36982
-493608
-899347
-1222337
-1438200
-1531865
-1498564
-1343996
-1083607
-741107
-346331
67323
465710
816740
1092938
1273591
1346258
1307596
1163425
928011
622725
274116
-88374
-434885
-737573
-972849
-1123181
-1178391
-1136302
-1002720
-790764
-519618
-212826
103745
404071
664086
863615
987907
1028709
984780
861815
671810
431921
162940
-112490
-371775
-594207
-762608
-864635
-893673
-849222
-736789
-567273
-355950
-121106
117521
340404
529801
671160
754226
773762
729846
627720
477242
291940
87825
-117979
-308673
-469133
-587103
-654124
-666111
-623573
-531453
-398599
-236936
-60413
116193
278499
413689
511503
565016
571102
530585
448068
331443
191162
39311
-111422
-248801
-362021
-442558
-484792
-486384
-448373
-375000
-273257
-152250
-22389
105498
221060
315257
381052
413932
412197
377021
312266
224086
120363
10006
-97805
-194375
-272189
-325490
-350691
-346608
-314482
-257793
-181916
-93626
0
89748
169853
233623
276390
295346
289708
260728
211512
146722
72133
-5869
-80828
-146745
-198557
-232519
-246458
-239913
-214098
-171763
-116909
-54421
10359
72083
125837
167524
194170
204131
197179
174470
138407
92393
40523
-12777
-63121
-106521
-139700
-160329
-167190
-160227
-140515
-110127
-71932
-29325
14064
54677
89317
115394
131115
135599
128914
112037
86736
55400
20812
-14086
-46444
-73733
-93939
-105703
-108414
-102219
-87990
-67214
-41854
-14162
13512
38917
60084
75474
84083
85506
79938
68140
51346
31143
9326
-12257
-31861
-47983
-59470
-65602
-66131
-61275
-51683
-38361
-22572
-5719
10774
25584
37587
45946
50164
50105
45993
38371
28040
15984
3275
-9018
-19914
-28602
-34494
-37265
-36861
-33494
-27606
-19821
-10885
0
7276
15022
21081
25061
26765
26194
23539
19149
13495
7122
0
-5531
-10792
-14811
-17346
-18293
-17688
-15693
-12572
-8668
-4359
0
3956
7302
9781
11259
11698
11147
9738
7663
5153
2456
0
-2555
-4483
-5849
-6595
-6721
-6282
-5375
-4129
-2687
0
0
0
2363
2977
3258
3224
2924
2422
0
0
0
0
0
0
0
0
0
0
0
0
0
0
0
0
0
0
0
0
0
0
0
0
