0
0
0
0
0
0
0
0
5
4
0
0
-9
-13
-12
-5
6
18
25
23
11
-9
-30
-42
-40
-20
11
44
64
63
35
-11
-60
-92
-92
-56
8
77
125
129
84
0
-95
-163
-176
-121
-13
112
207
231
168
34
-128
-256
-297
-228
-64
140
310
375
302
106
-148
-367
-464
-391
-162
149
428
566
499
235
-140
-490
-681
-626
-327
119
553
808
774
442
-82
-612
-947
-945
-583
26
667
1098
1141
753
54
-713
-1259
-1363
-956
-161
746
1428
1611
1195
301
-763
-1603
-1887
-1474
-478
758
1781
2190
1795
699
-726
-1958
-2520
-2163
-968
659
2129
2877
2580
1293
-552
-2290
-3258
-3049
-1680
396
2433
3661
3573
2134
-184
-2553
-4082
-4153
-2664
-95
2640
4519
4792
3275
450
-2685
-4966
-5491
-3976
-891
2680
5417
6251
4775
1432
-2611
-5866
-7072
-5678
-2083
2466
6304
7956
6696
2861
-2230
-6723
-8902
-7839
-3781
1888
7113
9912
9118
4863
-1419
-7461
-10985
-10547
-6127
802
7756
12124
12144
7602
-10
-7980
-13332
-13929
-9320
-988
8118
14614
15933
11326
2235
-8146
-15978
-18192
-13674
-3782
8038
17440
20764
16443
5701
-7760
-19020
-23724
-19741
-8092
7265
20756
27190
23732
11101
-6488
-22703
-31340
-28660
-14951
5331
24959
36465
34931
20007
-3634
-27686
-43061
-43237
-26906
1117
31194
52059
54902
36884
2769
-36108
-65397
-72756
-52665
-9274
43938
87905
104182
81731
22033
-59369
-135785
-176253
-154576
-57880
107959
317892
532719
708393
807110
807110
708393
532719
317892
107959
-57880
-154576
-176253
-135785
-59369
22033
81731
104182
87905
43938
-9274
-52665
-72756
-65397
-36108
2769
36884
54902
52059
31194
1117
-26906
-43237
-43061
-27686
-3634
20007
34931
36465
24959
5331
-14951
-28660
-31340
-22703
-6488
11101
23732
27190
20756
7265
-8092
-19741
-23724
-19020
-7760
5701
16443
20764
17440
8038
-3782
-13674
-18192
-15978
-8146
2235
11326
15933
14614
8118
-988
-9320
-13929
-13332
-7980
-10
7602
12144
12124
7756
802
-6127
-10547
-10985
-7461
-1419
4863
9118
9912
7113
1888
-3781
-7839
-8902
-6723
-2230
2861
6696
7956
6304
2466
-2083
-5678
-7072
-5866
-2611
1432
4775
6251
5417
2680
-891
-3976
-5491
-4966
-2685
450
3275
4792
4519
2640
-95
-2664
-4153
-4082
-2553
-184
2134
3573
3661
2433
396
-1680
-3049
-3258
-2290
-552
1293
2580
2877
2129
659
-968
-2163
-2520
-1958
-726
699
1795
2190
1781
758
-478
-1474
-1887
-1603
-763
301
1195
1611
1428
746
-161
-956
-1363
-1259
-713
54
753
1141
1098
667
26
-583
-945
-947
-612
-82
442
774
808
553
119
-327
-626
-681
-490
-140
235
499
566
428
149
-162
-391
-464
-367
-148
106
302
375
310
140
-64
-228
-297
-256
-128
34
168
231
207
112
-13
-121
-176
-163
-95
0
84
129
125
77
8
-56
-92
-92
-60
-11
35
63
64
44
11
-20
-40
-42
-30
-9
11
23
25
18
6
-5
-12
-13
-9
0
0
4
5
0
0
0
0
0
0
0
0
