0
0
0
0
0
0
0
0
0
0
2767
3768
4905
6147
7453
8770
10037
11183
12133
12807
13124
13005
12375
11167
9328
6815
3606
0
-4890
-10115
-15906
-22170
-28784
-35602
-42457
-49157
-55495
-61254
-66204
-70116
-72765
-73936
-73428
-71071
-66720
-60271
-51662
-40883
-27976
-13042
3759
22204
42010
62835
84279
105894
127189
147637
166684
183767
198317
209781
217630
221380
220600
214929
204094
187916
166326
139373
107231
70208
28742
-16594
-65098
-115944
-168197
-220817
-272690
-322627
-369412
-411804
-448573
-478530
-500557
-513629
-516846
-509467
-490932
-460884
-419195
-365974
-301595
-226691
-142162
-49176
50849
156251
265154
375488
485029
591428
692267
785101
867500
937117
991738
1029332
1048109
1046572
1023564
978314
910473
820148
707918
574858
422535
253001
68793
-127121
-331361
-540191
-749577
-955259
-1152823
-1337790
-1505702
-1652220
-1773218
-1864881
-1923800
-1947061
-1932334
-1877953
-1782974
-1647245
-1471434
-1257064
-1006528
-723073
-410777
-74513
280120
646869
1018934
1389070
1749722
2093163
2411624
2697497
2943449
3142606
3288700
3376252
3400712
3358536
3247425
3066285
2815459
2496622
2112954
1669044
1170918
625968
42858
-568581
-1197497
-1832190
-2460308
-3069055
-3645418
-4176448
-4649496
-5052492
-5374164
-5604331
-5734190
-5756502
-5665771
-5458517
-5133367
-4691221
-4135302
-3471214
-2706925
-1852761
-921243
72994
1113417
2181822
3258592
4323057
5353784
6328957
7226841
8026070
8706199
9248074
9634213
9849283
9880443
9717686
9354160
8786515
8015011
7043768
5880841
4538277
3032054
1382060
-388145
-2251529
-4177887
-6134223
-8085169
-9993423
-11820394
-13526613
-15072479
-16418758
-17527354
-18361802
-18888042
-19074894
-18894786
-18324156
-17344088
-15940642
-14105252
-11835062
-9133098
-6008402
-2476113
1442660
5720875
10325939
15219861
20359798
25698508
31185114
36764920
42381448
47976288
53489524
58861668
64033668
68947752
73548312
77783360
81603952
84966048
87830360
90163176
91937424
93132072
93732936
93732936
93132072
91937424
90163176
87830360
84966048
81603952
77783360
73548312
68947752
64033668
58861668
53489524
47976288
42381448
36764920
31185114
25698508
20359798
15219861
10325939
5720875
1442660
-2476113
-6008402
-9133098
-11835062
-14105252
-15940642
-17344088
-18324156
-18894786
-19074894
-18888042
-18361802
-17527354
-16418758
-15072479
-13526613
-11820394
-9993423
-8085169
-6134223
-4177887
-2251529
-388145
1382060
3032054
4538277
5880841
7043768
8015011
8786515
9354160
9717686
9880443
9849283
9634213
9248074
8706199
8026070
7226841
6328957
5353784
4323057
3258592
2181822
1113417
72994
-921243
-1852761
-2706925
-3471214
-4135302
-4691221
-5133367
-5458517
-5665771
-5756502
-5734190
-5604331
-5374164
-5052492
-4649496
-4176448
-3645418
-3069055
-2460308
-1832190
-1197497
-568581
42858
625968
1170918
1669044
2112954
2496622
2815459
3066285
3247425
3358536
3400712
3376252
3288700
3142606
2943449
2697497
2411624
2093163
1749722
1389070
1018934
646869
280120
-74513
-410777
-723073
-1006528
-1257064
-1471434
-1647245
-1782974
-1877953
-1932334
-1947061
-1923800
-1864881
-1773218
-1652220
-1505702
-1337790
-1152823
-955259
-749577
-540191
-331361
-127121
68793
253001
422535
574858
707918
820148
910473
978314
1023564
1046572
1048109
1029332
991738
937117
867500
785101
692267
591428
485029
375488
265154
156251
50849
-49176
-142162
-226691
-301595
-365974
-419195
-460884
-490932
-509467
-516846
-513629
-500557
-478530
-448573
-411804
-369412
-322627
-272690
-220817
-168197
-115944
-65098
-16594
28742
70208
107231
139373
166326
187916
204094
214929
220600
221380
217630
209781
198317
183767
166684
147637
127189
105894
84279
62835
42010
22204
3759
-13042
-27976
-40883
-51662
-60271
-66720
-71071
-73428
-73936
-72765
-70116
-66204
-61254
-55495
-49157
-42457
-35602
-28784
-22170
-15906
-10115
-4890
0
3606
6815
9328
11167
12375
13005
13124
12807
12133
11183
10037
8770
7453
6147
4905
3768
2767
0
0
0
0
0
0
0
0
0
0
