0
0
0
0
0
0
0
0
0
0
0
0
0
0
0
0
0
0
0
0
0
0
0
0
0
0
0
0
0
0
0
0
0
0
0
0
0
0
0
0
0
0
0
-5
-6
-7
-8
-9
-9
-10
-10
-10
-10
-9
-9
-8
-6
-5
0
0
0
0
6
9
11
13
16
18
19
20
21
22
22
21
20
18
16
13
10
7
0
0
-6
-10
-15
-19
-24
-28
-31
-34
-36
-38
-39
-39
-38
-36
-33
-30
-25
-20
-14
-7
0
8
15
23
30
37
44
50
55
59
61
63
63
62
59
55
49
42
34
25
15
0
-8
-19
-31
-43
-54
-64
-73
-81
-87
-92
-95
-95
-94
-90
-85
-77
-67
-55
-42
-27
-11
6
23
40
57
74
89
103
115
125
132
137
138
137
133
125
115
101
85
67
46
24
0
-24
-49
-73
-96
-118
-138
-156
-170
-182
-189
-193
-192
-187
-178
-164
-147
-125
-101
-73
-43
-11
23
56
90
122
153
181
206
227
244
255
262
262
257
246
230
208
180
148
112
72
29
-15
-60
-105
-149
-191
-229
-264
-294
-318
-335
-346
-349
-345
-333
-313
-285
-251
-210
-164
-112
-57
0
60
119
178
234
286
333
374
408
433
450
457
454
441
418
385
343
293
234
170
99
25
-51
-128
-204
-278
-347
-410
-465
-512
-548
-573
-586
-586
-573
-548
-510
-459
-398
-326
-245
-157
-63
33
132
230
325
415
497
571
634
684
721
742
747
736
709
665
606
532
445
346
238
121
0
-124
-248
-369
-485
-592
-689
-772
-840
-892
-924
-937
-930
-902
-854
-785
-698
-594
-475
-342
-200
-50
104
259
412
559
696
821
931
1022
1092
1140
1164
1163
1137
1084
1007
907
784
642
482
309
126
-64
-256
-446
-630
-804
-963
-1105
-1225
-1320
-1389
-1428
-1436
-1413
-1359
-1274
-1159
-1016
-848
-659
-451
-229
0
237
472
700
918
1120
1301
1457
1583
1678
1737
1760
1744
1690
1597
1468
1305
1109
886
639
373
95
-191
-478
-760
-1030
-1282
-1511
-1711
-1878
-2006
-2092
-2134
-2130
-2079
-1981
-1839
-1653
-1428
-1167
-876
-560
-227
118
466
810
1143
1457
1744
1998
2213
2384
2505
2573
2586
2543
2444
2289
2081
1824
1522
1181
809
413
0
-420
-838
-1245
-1632
-1990
-2310
-2586
-2809
-2975
-3079
-3117
-3087
-2989
-2824
-2594
-2303
-1957
-1561
-1125
-656
-164
339
844
1340
1815
2258
2659
3010
3300
3523
3673
3746
3737
3646
3474
3223
2897
2502
2045
1535
983
400
-202
-810
-1411
-1992
-2538
-3039
-3482
-3857
-4153
-4364
-4482
-4505
-4429
-4254
-3984
-3621
-3173
-2647
-2054
-1406
-715
0
734
1462
2171
2845
3468
4027
4507
4897
5187
5368
5435
5384
5214
4927
4527
4021
3418
2729
1968
1150
292
-588
-1471
-2337
-3168
-3945
-4649
-5265
-5776
-6170
-6436
-6566
-6554
-6399
-6100
-5662
-5092
-4400
-3598
-2702
-1731
-703
360
1436
2500
3530
4502
5395
6186
6857
7391
7773
7993
8041
7914
7612
7136
6495
5698
4761
3701
2538
1296
0
-1322
-2642
-3932
-5162
-6304
-7331
-8220
-8947
-9493
-9842
-9983
-9908
-9613
-9102
-8379
-7457
-6351
-5080
-3670
-2147
-543
1109
2776
4419
6004
7495
8855
10054
11060
11847
12394
12681
12698
12435
11893
11076
9994
8666
7113
5363
3450
1410
-715
-2882
-5044
-7154
-9165
-11031
-12706
-14150
-15323
-16194
-16733
-16920
-16740
-16185
-15257
-13963
-12321
-10355
-8096
-5585
-2868
4
2974
5981
8962
11850
14582
17091
19315
21197
22682
23724
24282
24325
23831
22788
21196
19065
16417
13284
9712
5757
1483
-3035
-7712
-12458
-17177
-21769
-26130
-30156
-33744
-36793
-39208
-40899
-41784
-41792
-40862
-38945
-36008
-32029
-27006
-20948
-13883
-5855
3078
12842
23347
34493
46165
58240
70583
83056
95514
107809
119794
131320
142247
152436
161760
170099
177347
183410
188209
191683
193785
194489
193785
191683
188209
183410
177347
170099
161760
152436
142247
131320
119794
107809
95514
83056
70583
58240
46165
34493
23347
12842
3078
-5855
-13883
-20948
-27006
-32029
-36008
-38945
-40862
-41792
-41784
-40899
-39208
-36793
-33744
-30156
-26130
-21769
-17177
-12458
-7712
-3035
1483
5757
9712
13284
16417
19065
21196
22788
23831
24325
24282
23724
22682
21197
19315
17091
14582
11850
8962
5981
2974
4
-2868
-5585
-8096
-10355
-12321
-13963
-15257
-16185
-16740
-16920
-16733
-16194
-15323
-14150
-12706
-11031
-9165
-7154
-5044
-2882
-715
1410
3450
5363
7113
8666
9994
11076
11893
12435
12698
12681
12394
11847
11060
10054
8855
7495
6004
4419
2776
1109
-543
-2147
-3670
-5080
-6351
-7457
-8379
-9102
-9613
-9908
-9983
-9842
-9493
-8947
-8220
-7331
-6304
-5162
-3932
-2642
-1322
0
1296
2538
3701
4761
5698
6495
7136
7612
7914
8041
7993
7773
7391
6857
6186
5395
4502
3530
2500
1436
360
-703
-1731
-2702
-3598
-4400
-5092
-5662
-6100
-6399
-6554
-6566
-6436
-6170
-5776
-5265
-4649
-3945
-3168
-2337
-1471
-588
292
1150
1968
2729
3418
4021
4527
4927
5214
5384
5435
5368
5187
4897
4507
4027
3468
2845
2171
1462
734
0
-715
-1406
-2054
-2647
-3173
-3621
-3984
-4254
-4429
-4505
-4482
-4364
-4153
-3857
-3482
-3039
-2538
-1992
-1411
-810
-202
400
983
1535
2045
2502
2897
3223
3474
3646
3737
3746
3673
3523
3300
3010
2659
2258
1815
1340
844
339
-164
-656
-1125
-1561
-1957
-2303
-2594
-2824
-2989
-3087
-3117
-3079
-2975
-2809
-2586
-2310
-1990
-1632
-1245
-838
-420
0
413
809
1181
1522
1824
2081
2289
2444
2543
2586
2573
2505
2384
2213
1998
1744
1457
1143
810
466
118
-227
-560
-876
-1167
-1428
-1653
-1839
-1981
-2079
-2130
-2134
-2092
-2006
-1878
-1711
-1511
-1282
-1030
-760
-478
-191
95
373
639
886
1109
1305
1468
1597
1690
1744
1760
1737
1678
1583
1457
1301
1120
918
700
472
237
0
-229
-451
-659
-848
-1016
-1159
-1274
-1359
-1413
-1436
-1428
-1389
-1320
-1225
-1105
-963
-804
-630
-446
-256
-64
126
309
482
642
784
907
1007
1084
1137
1163
1164
1140
1092
1022
931
821
696
559
412
259
104
-50
-200
-342
-475
-594
-698
-785
-854
-902
-930
-937
-924
-892
-840
-772
-689
-592
-485
-369
-248
-124
0
121
238
346
445
532
606
665
709
736
747
742
721
684
634
571
497
415
325
230
132
33
-63
-157
-245
-326
-398
-459
-510
-548
-573
-586
-586
-573
-548
-512
-465
-410
-347
-278
-204
-128
-51
25
99
170
234
293
343
385
418
441
454
457
450
433
408
374
333
286
234
178
119
60
0
-57
-112
-164
-210
-251
-285
-313
-333
-345
-349
-346
-335
-318
-294
-264
-229
-191
-149
-105
-60
-15
29
72
112
148
180
208
230
246
257
262
262
255
244
227
206
181
153
122
90
56
23
-11
-43
-73
-101
-125
-147
-164
-178
-187
-192
-193
-189
-182
-170
-156
-138
-118
-96
-73
-49
-24
0
24
46
67
85
101
115
125
133
137
138
137
132
125
115
103
89
74
57
40
23
6
-11
-27
-42
-55
-67
-77
-85
-90
-94
-95
-95
-92
-87
-81
-73
-64
-54
-43
-31
-19
-8
0
15
25
34
42
49
55
59
62
63
63
61
59
55
50
44
37
30
23
15
8
0
-7
-14
-20
-25
-30
-33
-36
-38
-39
-39
-38
-36
-34
-31
-28
-24
-19
-15
-10
-6
0
0
7
10
13
16
18
20
21
22
22
21
20
19
18
16
13
11
9
6
0
0
0
0
-5
-6
-8
-9
-9
-10
-10
-10
-10
-9
-9
-8
-7
-6
-5
0
0
0
0
0
0
0
0
0
0
0
0
0
0
0
0
0
0
0
0
0
0
0
0
0
0
0
0
0
0
0
0
0
0
0
0
0
0
0
0
0
0
0
