0
0
0
0
0
0
0
0
0
0
-18
-18
-17
0
0
0
0
0
29
45
64
84
107
131
157
183
209
235
259
281
300
316
326
331
329
321
304
278
244
200
147
85
0
-68
-156
-252
-354
-461
-571
-682
-793
-900
-1003
-1098
-1184
-1257
-1315
-1357
-1378
-1379
-1355
-1307
-1233
-1131
-1002
-844
-660
-449
-214
45
323
619
928
1246
1568
1890
2206
2511
2798
3061
3295
3494
3651
3762
3820
3823
3765
3644
3457
3203
2882
2494
2041
1526
954
330
-340
-1048
-1785
-2540
-3304
-4065
-4810
-5527
-6203
-6825
-7380
-7855
-8238
-8517
-8683
-8726
-8638
-8414
-8049
-7540
-6887
-6094
-5163
-4101
-2919
-1627
-239
1229
2758
4328
5918
7503
9061
10565
11990
13309
14499
15532
16387
17040
17472
17664
17602
17274
16672
15791
14629
13192
11486
9525
7325
4908
2299
-472
-3371
-6360
-9401
-12449
-15459
-18385
-21179
-23793
-26180
-28293
-30088
-31524
-32562
-33168
-33312
-32972
-32130
-30774
-28900
-26513
-23622
-20249
-16419
-12168
-7539
-2582
2645
8079
13649
19280
24893
30404
35728
40780
45472
49720
53440
56553
58986
60669
61545
61559
60672
58851
56078
52345
47659
42041
35523
28155
19998
11128
1636
-8377
-18794
-29491
-40329
-51165
-61846
-72213
-82103
-91351
-99791
-107261
-113598
-118648
-122264
-124307
-124650
-123181
-119800
-114426
-106993
-97459
-85796
-72003
-56097
-38119
-18130
3784
27518
52943
79912
108258
137797
168327
199635
231492
263659
295893
327939
359547
390460
420425
449193
476527
502192
525972
547662
567075
584040
598413
610067
618898
624829
627807
627807
624829
618898
610067
598413
584040
567075
547662
525972
502192
476527
449193
420425
390460
359547
327939
295893
263659
231492
199635
168327
137797
108258
79912
52943
27518
3784
-18130
-38119
-56097
-72003
-85796
-97459
-106993
-114426
-119800
-123181
-124650
-124307
-122264
-118648
-113598
-107261
-99791
-91351
-82103
-72213
-61846
-51165
-40329
-29491
-18794
-8377
1636
11128
19998
28155
35523
42041
47659
52345
56078
58851
60672
61559
61545
60669
58986
56553
53440
49720
45472
40780
35728
30404
24893
19280
13649
8079
2645
-2582
-7539
-12168
-16419
-20249
-23622
-26513
-28900
-30774
-32130
-32972
-33312
-33168
-32562
-31524
-30088
-28293
-26180
-23793
-21179
-18385
-15459
-12449
-9401
-6360
-3371
-472
2299
4908
7325
9525
11486
13192
14629
15791
16672
17274
17602
17664
17472
17040
16387
15532
14499
13309
11990
10565
9061
7503
5918
4328
2758
1229
-239
-1627
-2919
-4101
-5163
-6094
-6887
-7540
-8049
-8414
-8638
-8726
-8683
-8517
-8238
-7855
-7380
-6825
-6203
-5527
-4810
-4065
-3304
-2540
-1785
-1048
-340
330
954
1526
2041
2494
2882
3203
3457
3644
3765
3823
3820
3762
3651
3494
3295
3061
2798
2511
2206
1890
1568
1246
928
619
323
45
-214
-449
-660
-844
-1002
-1131
-1233
-1307
-1355
-1379
-1378
-1357
-1315
-1257
-1184
-1098
-1003
-900
-793
-682
-571
-461
-354
-252
-156
-68
0
85
147
200
244
278
304
321
329
331
326
316
300
281
259
235
209
183
157
131
107
84
64
45
29
0
0
0
0
0
-17
-18
-18
0
0
0
0
0
0
0
0
0
0
