0
0
0
0
0
0
6
10
16
22
28
32
34
33
27
16
0
-22
-48
-76
-105
-132
-153
-166
-168
-157
-131
-88
-31
39
119
203
286
361
422
459
469
445
385
288
156
-5
-188
-382
-573
-749
-893
-991
-1032
-1004
-902
-724
-475
-164
193
577
962
1323
1630
1857
1979
1977
1839
1560
1145
612
-16
-704
-1409
-2085
-2682
-3152
-3450
-3541
-3400
-3016
-2393
-1553
-535
607
1806
2986
4063
4957
5591
5902
5841
5384
4528
3299
1752
-34
-1959
-3903
-5737
-7329
-8554
-9302
-9486
-9051
-7981
-6298
-4070
-1406
1549
4620
7610
10314
12531
14079
14805
14602
13414
11250
8182
4347
-56
-4779
-9532
-14002
-17876
-20851
-22667
-23116
-22067
-19476
-15397
-9982
-3484
3754
11317
18737
25516
31159
35203
37252
37000
34263
28996
21310
11477
-75
-12771
-25915
-38711
-50309
-59838
-66459
-69403
-68022
-61826
-50515
-34012
-12468
13723
43939
77345
112926
149527
185900
220756
252829
280926
303984
321123
331680
335245
331680
321123
303984
280926
252829
220756
185900
149527
112926
77345
43939
13723
-12468
-34012
-50515
-61826
-68022
-69403
-66459
-59838
-50309
-38711
-25915
-12771
-75
11477
21310
28996
34263
37000
37252
35203
31159
25516
18737
11317
3754
-3484
-9982
-15397
-19476
-22067
-23116
-22667
-20851
-17876
-14002
-9532
-4779
-56
4347
8182
11250
13414
14602
14805
14079
12531
10314
7610
4620
1549
-1406
-4070
-6298
-7981
-9051
-9486
-9302
-8554
-7329
-5737
-3903
-1959
-34
1752
3299
4528
5384
5841
5902
5591
4957
4063
2986
1806
607
-535
-1553
-2393
-3016
-3400
-3541
-3450
-3152
-2682
-2085
-1409
-704
-16
612
1145
1560
1839
1977
1979
1857
1630
1323
962
577
193
-164
-475
-724
-902
-1004
-1032
-991
-893
-749
-573
-382
-188
-5
156
288
385
445
469
459
422
361
286
203
119
39
-31
-88
-131
-157
-168
-166
-153
-132
-105
-76
-48
-22
0
16
27
33
34
32
28
22
16
10
6
0
0
0
0
0
0
