0
0
0
0
-4
-6
-8
-9
-9
-5
0
9
21
35
50
64
76
83
84
77
60
34
0
-46
-96
-147
-196
-238
-268
-280
-271
-238
-180
-98
6
125
253
379
495
587
647
664
632
546
407
218
-11
-269
-537
-796
-1026
-1205
-1313
-1335
-1257
-1077
-795
-423
20
509
1010
1489
1905
2222
2405
2428
2273
1935
1421
754
-31
-887
-1757
-2576
-3281
-3808
-4102
-4122
-3842
-3257
-2384
-1263
45
1459
2885
4218
5353
6191
6648
6659
6187
5231
3820
2022
-61
-2301
-4547
-6635
-8403
-9699
-10392
-10388
-9635
-8132
-5932
-3142
79
3532
6984
10187
12892
14869
15921
15907
14749
12448
9085
4824
-97
-5373
-10653
-15560
-19717
-22769
-24418
-24439
-22708
-19213
-14067
-7507
113
8336
16629
24409
31084
36089
38927
39210
36689
31287
23113
12475
-125
-14009
-28344
-42188
-54531
-64350
-70669
-72618
-69481
-60754
-46181
-25782
134
30969
65854
103682
143150
182823
221198
256772
288122
313968
333242
345140
349162
345140
333242
313968
288122
256772
221198
182823
143150
103682
65854
30969
134
-25782
-46181
-60754
-69481
-72618
-70669
-64350
-54531
-42188
-28344
-14009
-125
12475
23113
31287
36689
39210
38927
36089
31084
24409
16629
8336
113
-7507
-14067
-19213
-22708
-24439
-24418
-22769
-19717
-15560
-10653
-5373
-97
4824
9085
12448
14749
15907
15921
14869
12892
10187
6984
3532
79
-3142
-5932
-8132
-9635
-10388
-10392
-9699
-8403
-6635
-4547
-2301
-61
2022
3820
5231
6187
6659
6648
6191
5353
4218
2885
1459
45
-1263
-2384
-3257
-3842
-4122
-4102
-3808
-3281
-2576
-1757
-887
-31
754
1421
1935
2273
2428
2405
2222
1905
1489
1010
509
20
-423
-795
-1077
-1257
-1335
-1313
-1205
-1026
-796
-537
-269
-11
218
407
546
632
664
647
587
495
379
253
125
6
-98
-180
-238
-271
-280
-268
-238
-196
-147
-96
-46
0
34
60
77
84
83
76
64
50
35
21
9
0
-5
-9
-9
-8
-6
-4
0
0
0
0
