0
0
0
0
0
-5
-7
-9
-11
-13
-14
-14
-14
-12
-9
-5
0
10
21
33
47
63
80
99
118
137
156
174
190
203
213
220
221
216
206
188
163
131
91
43
-13
-76
-146
-221
-300
-383
-467
-551
-632
-709
-779
-841
-891
-927
-947
-949
-932
-892
-830
-744
-634
-500
-342
-162
39
259
494
740
995
1252
1508
1756
1990
2206
2396
2555
2676
2755
2786
2764
2686
2549
2351
2090
1768
1386
947
455
-84
-662
-1272
-1903
-2545
-3186
-3812
-4412
-4971
-5476
-5912
-6266
-6527
-6681
-6719
-6632
-6412
-6056
-5561
-4926
-4154
-3252
-2227
-1090
144
1457
2831
4244
5671
7086
8462
9771
10983
12069
13001
13751
14295
14607
14667
14458
13966
13182
12101
10724
9056
7108
4899
2452
-206
-3040
-6010
-9071
-12175
-15269
-18297
-21198
-23914
-26383
-28542
-30331
-31692
-32568
-32908
-32664
-31794
-30263
-28043
-25114
-21464
-17091
-12001
-6210
255
7359
15058
23297
32015
41140
50596
60298
70159
80083
89975
99737
109270
118474
127255
135518
143176
150145
156349
161720
166198
169735
172289
173834
174351
173834
172289
169735
166198
161720
156349
150145
143176
135518
127255
118474
109270
99737
89975
80083
70159
60298
50596
41140
32015
23297
15058
7359
255
-6210
-12001
-17091
-21464
-25114
-28043
-30263
-31794
-32664
-32908
-32568
-31692
-30331
-28542
-26383
-23914
-21198
-18297
-15269
-12175
-9071
-6010
-3040
-206
2452
4899
7108
9056
10724
12101
13182
13966
14458
14667
14607
14295
13751
13001
12069
10983
9771
8462
7086
5671
4244
2831
1457
144
-1090
-2227
-3252
-4154
-4926
-5561
-6056
-6412
-6632
-6719
-6681
-6527
-6266
-5912
-5476
-4971
-4412
-3812
-3186
-2545
-1903
-1272
-662
-84
455
947
1386
1768
2090
2351
2549
2686
2764
2786
2755
2676
2555
2396
2206
1990
1756
1508
1252
995
740
494
259
39
-162
-342
-500
-634
-744
-830
-892
-932
-949
-947
-927
-891
-841
-779
-709
-632
-551
-467
-383
-300
-221
-146
-76
-13
43
91
131
163
188
206
216
221
220
213
203
190
174
156
137
118
99
80
63
47
33
21
10
0
-5
-9
-12
-14
-14
-14
-13
-11
-9
-7
-5
0
0
0
0
0
