+0.00000005082025773532
+0.00000005347787239892
+0.00000005312889528301
+0.00000004900455385960
+0.00000003997003973833
+0.00000002483186684943
+0.00000000274198545055
-0.00000002637153642205
-0.00000006142827086085
-0.00000009995386358578
-0.00000013804048295561
-0.00000017055261344560
-0.00000019158889993237
-0.00000019517327742126
-0.00000017611093213427
-0.00000013091172469712
-0.00000005866033268425
+0.00000003829750562226
+0.00000015397702970590
+0.00000027878596135544
+0.00000040002763647547
+0.00000050288624626140
+0.00000057184532395475
+0.00000059242998861484
+0.00000055310872153823
+0.00000044714879436856
+0.00000027419727872482
+0.00000004136162581768
-0.00000023640741265338
-0.00000053677257334336
-0.00000083137042798165
-0.00000108804423699902
-0.00000127381553616802
-0.00000135836081624120
-0.00000131767413172072
-0.00000113753639678214
-0.00000081638695701820
-0.00000036720938717740
+0.00000018189586871739
+0.00000078867618974847
+0.00000139931378898779
+0.00000195255599514806
+0.00000238513584609902
+0.00000263806382336074
+0.00000266323160944091
+0.00000242967273978612
+0.00000192878775893369
+0.00000117787307110903
+0.00000022139694536912
-0.00000087036032705118
-0.00000200545336000865
-0.00000307708516795205
-0.00000397267920020107
-0.00000458452687226658
-0.00000482109477445662
-0.00000461791344735254
-0.00000394690150887480
-0.00000282302125629625
-0.00000130732108496106
+0.00000049430880413414
+0.00000243697481389135
+0.00000434708700947358
+0.00000603654743068628
+0.00000731978544981565
+0.00000803222096657323
+0.00000804845774619563
+0.00000729837520031271
+0.00000577932414984499
+0.00000356285245231279
+0.00000079478425388547
-0.00000231197191832588
-0.00000549184750191019
-0.00000844751282713874
-0.00001087578492671527
-0.00001249645354221030
-0.00001308146194850904
-0.00001248161895634014
-0.00001064801467063983
-0.00000764558748161435
-0.00000365683967612301
+0.00000102550732572293
+0.00000601714786016334
+0.00001087126316568206
+0.00001511608512592245
+0.00001829801977071854
+0.00002002661456347213
+0.00002001716995980071
+0.00001812668322211599
+0.00001437911158841927
+0.00000897665589997767
+0.00000229485747126095
-0.00000513930682814715
-0.00001268556618076835
-0.00001964234053037506
-0.00002530865288881418
-0.00002905079461491585
-0.00003036771501415143
-0.00002894877108468049
-0.00002471772750543842
-0.00001785776014666191
-0.00000881364977232322
+0.00000173074075142804
+0.00001289938245119641
+0.00002369270492893338
+0.00003307297128956819
+0.00004005948387346186
+0.00004382526457956578
+0.00004378611646293635
+0.00003967305595801863
+0.00003158005680822953
+0.00001998083642667718
+0.00000571092891518170
-0.00001008566523609214
-0.00002604264045311522
-0.00004068444692138496
-0.00005255738100504032
-0.00006036752339171545
-0.00006311294201860044
-0.00006019728077161670
-0.00005151276497335958
-0.00003748276290768285
-0.00001905722598967504
+0.00000234164517472674
+0.00002492162494681554
+0.00004666404363767868
+0.00006549786480383659
+0.00007948982551815599
+0.00008703377480390085
+0.00008702135772273577
+0.00007897683236096811
+0.00006314111425721821
+0.00004049400158311956
+0.00001270867396588483
-0.00001796143055975554
-0.00004885688863767000
-0.00007713510082925764
-0.00010002370073067142
-0.00011508267693996714
-0.00012045119634758754
-0.00011505512736836091
-0.00009875353088193098
-0.00007240683267482475
-0.00003785572135217715
+0.00000219245765351345
+0.00004436456572932051
+0.00008489607670680383
+0.00011995764293726773
+0.00014600634460366154
+0.00016013028111369092
+0.00016035401944075177
+0.00014587424941582479
+0.00011719980322175767
+0.00007617768861627019
+0.00002589640734082542
-0.00002953120410747256
-0.00008529201942110896
-0.00013627926028528202
-0.00017754842447131002
-0.00020478281730048562
-0.00021472597805525037
-0.00020553909541889105
-0.00017704625952527270
-0.00013083886613216925
-0.00007022207399115471
-0.00000000000000000030
+0.00007388885470549629
+0.00014485995004860045
+0.00020625599429048051
+0.00025195646703165837
+0.00027696882074099724
+0.00027794572767117444
+0.00025357677895798789
+0.00020481207899860721
+0.00013488861924502104
+0.00004914712959912106
-0.00004535410444545862
-0.00014040285477385952
-0.00022733070848955070
-0.00029778715220983831
-0.00034452228219205400
-0.00036210635115594119
-0.00034751672654672103
-0.00030053174141793230
-0.00022388585436595082
-0.00012316040067338573
-0.00000640740478990108
+0.00011647155785465937
+0.00023454582302191062
+0.00033680926808093162
+0.00041318558099699210
+0.00045549508136669749
+0.00045829237363195199
+0.00041949182558517127
+0.00034071359341175162
+0.00022730556923160645
+0.00008802442922792246
-0.00006561042583523097
-0.00022024552146439189
-0.00036183203213732468
-0.00047687948061866513
-0.00055371449524801953
-0.00058362934651935401
-0.00056180999972545425
-0.00048794880528307220
-0.00036647173885073108
-0.00020634242573000776
-0.00002044238837022731
+0.00017543417257233536
+0.00036389572088886053
+0.00052747180287044261
+0.00065020425888415829
+0.00071916868365662096
+0.00072578389219925266
+0.00066678051927399485
+0.00054472564327985769
+0.00036803663459037853
+0.00015046139062033819
-0.00008994998201403860
-0.00033230937721602039
-0.00055467520763316850
-0.00073600753545478782
-0.00085812230898435699
-0.00090746619417252008
-0.00087654254123238054
-0.00076484395784452827
-0.00057918613384782701
-0.00033338796693941193
-0.00004730051310955087
+0.00025475314727556222
+0.00054600874404322629
+0.00079959623177382557
+0.00099097919039573793
+0.00110028008839176910
+0.00111427497443349890
+0.00102786267738207840
+0.00084485375036581637
+0.00057798025802284286
+0.00024809459260056375
-0.00011740187013101610
-0.00048678771155551088
-0.00082673114380208042
-0.00110525285884752820
-0.00129468255750711660
-0.00137434011596223780
-0.00133268692543872890
-0.00116873124329745760
-0.00089253084352887565
-0.00052471224899341311
-0.00009501208257805001
+0.00036006486670755116
+0.00080029239734332282
+0.00118522514634890270
+0.00147785610477027610
+0.00164810358067925830
+0.00167580481595006030
+0.00155292589714342480
+0.00128475760822689710
+0.00088995004402266597
+0.00039933846216385206
-0.00014637942198817181
-0.00069994816249375677
-0.00121157955054929400
-0.00163336092032944650
-0.00192366244754617920
-0.00205114465491732390
-0.00199798843448338120
-0.00176202594023451200
-0.00135753792529865690
-0.00081459476879603343
-0.00017694537534707124
+0.00050141056307752513
+0.00116070746911903610
+0.00174059126840376260
+0.00218554834678432810
+0.00245010582577948660
+0.00250332538745134640
+0.00233215849816823670
+0.00194331712191666640
+0.00136343461859789250
+0.00063743691381765567
-0.00017479794944110687
-0.00100325684087288250
-0.00177370842228245460
-0.00241422995867707950
-0.00286178067669683050
-0.00306823259600808330
-0.00300529591929322650
-0.00266785365897737000
-0.00207534417199440640
-0.00127099130605469850
-0.00031886692130428141
+0.00070103599003531070
+0.00169935645668732810
+0.00258502227834045890
+0.00327336867783303410
+0.00369401078675994170
+0.00379775605175567030
+0.00356190013484384160
+0.00299336798333854370
+0.00212933227720729600
+0.00103515129564318030
-0.00020029970937796178
-0.00147159496971605130
-0.00266549735578167950
-0.00367076653761721050
-0.00438820901184869710
-0.00474008751088677870
-0.00467802757085360520
-0.00418865604468377040
-0.00329637457452010720
-0.00206289851589456500
-0.00058346094672527343
+0.00102012968268610580
+0.00260910541847133920
+0.00403930064078460770
+0.00517373049029821310
+0.00589512715676100440
+0.00611733251410527790
+0.00579449649505821630
+0.00492717454622759990
+0.00356464581903975920
+0.00180307020446318070
-0.00022055575146873415
-0.00233832399613276850
-0.00436455296778456670
-0.00611116397976194190
-0.00740408481397461260
-0.00809932493165495610
-0.00809733042977110390
-0.00735430606281127150
-0.00588938425045292590
-0.00378681540475110530
-0.00119272965760484620
+0.00169355079397018460
+0.00463322031319371610
+0.00736585789142271430
+0.00963021213735136900
+0.01118636478792567700
+0.01183755071979224700
+0.01144985997728313400
+0.00996813491303548750
+0.00742660102154507180
+0.00395312014101637830
-0.00023359427020378339
-0.00483394053269894760
-0.00948416230589487620
-0.01377890702051670300
-0.01729818195812290300
-0.01963689276224032600
-0.02043488782213513300
-0.01940532083536234900
-0.01635919530611798500
-0.01122416877187861100
-0.00405605856120106000
+0.00495801958111710940
+0.01550536818830799300
+0.02716213901830429400
+0.03941570573764544700
+0.05169361962402598000
+0.06339729323831822000
+0.07393818889082481900
+0.08277407781428103300
+0.08944289962215615200
+0.09359189416396737600
+0.09499999008304738100
+0.09359189416396737600
+0.08944289962215615200
+0.08277407781428103300
+0.07393818889082481900
+0.06339729323831822000
+0.05169361962402598000
+0.03941570573764544700
+0.02716213901830429400
+0.01550536818830799300
+0.00495801958111710940
-0.00405605856120106000
-0.01122416877187861100
-0.01635919530611798500
-0.01940532083536234900
-0.02043488782213513300
-0.01963689276224032600
-0.01729818195812290300
-0.01377890702051670300
-0.00948416230589487620
-0.00483394053269894760
-0.00023359427020378339
+0.00395312014101637830
+0.00742660102154507180
+0.00996813491303548750
+0.01144985997728313400
+0.01183755071979224700
+0.01118636478792567700
+0.00963021213735136900
+0.00736585789142271430
+0.00463322031319371610
+0.00169355079397018460
-0.00119272965760484620
-0.00378681540475110530
-0.00588938425045292590
-0.00735430606281127150
-0.00809733042977110390
-0.00809932493165495610
-0.00740408481397461260
-0.00611116397976194190
-0.00436455296778456670
-0.00233832399613276850
-0.00022055575146873415
+0.00180307020446318070
+0.00356464581903975920
+0.00492717454622759990
+0.00579449649505821630
+0.00611733251410527790
+0.00589512715676100440
+0.00517373049029821310
+0.00403930064078460770
+0.00260910541847133920
+0.00102012968268610580
-0.00058346094672527343
-0.00206289851589456500
-0.00329637457452010720
-0.00418865604468377040
-0.00467802757085360520
-0.00474008751088677870
-0.00438820901184869710
-0.00367076653761721050
-0.00266549735578167950
-0.00147159496971605130
-0.00020029970937796178
+0.00103515129564318030
+0.00212933227720729600
+0.00299336798333854370
+0.00356190013484384160
+0.00379775605175567030
+0.00369401078675994170
+0.00327336867783303410
+0.00258502227834045890
+0.00169935645668732810
+0.00070103599003531070
-0.00031886692130428141
-0.00127099130605469850
-0.00207534417199440640
-0.00266785365897737000
-0.00300529591929322650
-0.00306823259600808330
-0.00286178067669683050
-0.00241422995867707950
-0.00177370842228245460
-0.00100325684087288250
-0.00017479794944110687
+0.00063743691381765567
+0.00136343461859789250
+0.00194331712191666640
+0.00233215849816823670
+0.00250332538745134640
+0.00245010582577948660
+0.00218554834678432810
+0.00174059126840376260
+0.00116070746911903610
+0.00050141056307752513
-0.00017694537534707124
-0.00081459476879603343
-0.00135753792529865690
-0.00176202594023451200
-0.00199798843448338120
-0.00205114465491732390
-0.00192366244754617920
-0.00163336092032944650
-0.00121157955054929400
-0.00069994816249375677
-0.00014637942198817181
+0.00039933846216385206
+0.00088995004402266597
+0.00128475760822689710
+0.00155292589714342480
+0.00167580481595006030
+0.00164810358067925830
+0.00147785610477027610
+0.00118522514634890270
+0.00080029239734332282
+0.00036006486670755116
-0.00009501208257805001
-0.00052471224899341311
-0.00089253084352887565
-0.00116873124329745760
-0.00133268692543872890
-0.00137434011596223780
-0.00129468255750711660
-0.00110525285884752820
-0.00082673114380208042
-0.00048678771155551088
-0.00011740187013101610
+0.00024809459260056375
+0.00057798025802284286
+0.00084485375036581637
+0.00102786267738207840
+0.00111427497443349890
+0.00110028008839176910
+0.00099097919039573793
+0.00079959623177382557
+0.00054600874404322629
+0.00025475314727556222
-0.00004730051310955087
-0.00033338796693941193
-0.00057918613384782701
-0.00076484395784452827
-0.00087654254123238054
-0.00090746619417252008
-0.00085812230898435699
-0.00073600753545478782
-0.00055467520763316850
-0.00033230937721602039
-0.00008994998201403860
+0.00015046139062033819
+0.00036803663459037853
+0.00054472564327985769
+0.00066678051927399485
+0.00072578389219925266
+0.00071916868365662096
+0.00065020425888415829
+0.00052747180287044261
+0.00036389572088886053
+0.00017543417257233536
-0.00002044238837022731
-0.00020634242573000776
-0.00036647173885073108
-0.00048794880528307220
-0.00056180999972545425
-0.00058362934651935401
-0.00055371449524801953
-0.00047687948061866513
-0.00036183203213732468
-0.00022024552146439189
-0.00006561042583523097
+0.00008802442922792246
+0.00022730556923160645
+0.00034071359341175162
+0.00041949182558517127
+0.00045829237363195199
+0.00045549508136669749
+0.00041318558099699210
+0.00033680926808093162
+0.00023454582302191062
+0.00011647155785465937
-0.00000640740478990108
-0.00012316040067338573
-0.00022388585436595082
-0.00030053174141793230
-0.00034751672654672103
-0.00036210635115594119
-0.00034452228219205400
-0.00029778715220983831
-0.00022733070848955070
-0.00014040285477385952
-0.00004535410444545862
+0.00004914712959912106
+0.00013488861924502104
+0.00020481207899860721
+0.00025357677895798789
+0.00027794572767117444
+0.00027696882074099724
+0.00025195646703165837
+0.00020625599429048051
+0.00014485995004860045
+0.00007388885470549629
-0.00000000000000000030
-0.00007022207399115471
-0.00013083886613216925
-0.00017704625952527270
-0.00020553909541889105
-0.00021472597805525037
-0.00020478281730048562
-0.00017754842447131002
-0.00013627926028528202
-0.00008529201942110896
-0.00002953120410747256
+0.00002589640734082542
+0.00007617768861627019
+0.00011719980322175767
+0.00014587424941582479
+0.00016035401944075177
+0.00016013028111369092
+0.00014600634460366154
+0.00011995764293726773
+0.00008489607670680383
+0.00004436456572932051
+0.00000219245765351345
-0.00003785572135217715
-0.00007240683267482475
-0.00009875353088193098
-0.00011505512736836091
-0.00012045119634758754
-0.00011508267693996714
-0.00010002370073067142
-0.00007713510082925764
-0.00004885688863767000
-0.00001796143055975554
+0.00001270867396588483
+0.00004049400158311956
+0.00006314111425721821
+0.00007897683236096811
+0.00008702135772273577
+0.00008703377480390085
+0.00007948982551815599
+0.00006549786480383659
+0.00004666404363767868
+0.00002492162494681554
+0.00000234164517472674
-0.00001905722598967504
-0.00003748276290768285
-0.00005151276497335958
-0.00006019728077161670
-0.00006311294201860044
-0.00006036752339171545
-0.00005255738100504032
-0.00004068444692138496
-0.00002604264045311522
-0.00001008566523609214
+0.00000571092891518170
+0.00001998083642667718
+0.00003158005680822953
+0.00003967305595801863
+0.00004378611646293635
+0.00004382526457956578
+0.00004005948387346186
+0.00003307297128956819
+0.00002369270492893338
+0.00001289938245119641
+0.00000173074075142804
-0.00000881364977232322
-0.00001785776014666191
-0.00002471772750543842
-0.00002894877108468049
-0.00003036771501415143
-0.00002905079461491585
-0.00002530865288881418
-0.00001964234053037506
-0.00001268556618076835
-0.00000513930682814715
+0.00000229485747126095
+0.00000897665589997767
+0.00001437911158841927
+0.00001812668322211599
+0.00002001716995980071
+0.00002002661456347213
+0.00001829801977071854
+0.00001511608512592245
+0.00001087126316568206
+0.00000601714786016334
+0.00000102550732572293
-0.00000365683967612301
-0.00000764558748161435
-0.00001064801467063983
-0.00001248161895634014
-0.00001308146194850904
-0.00001249645354221030
-0.00001087578492671527
-0.00000844751282713874
-0.00000549184750191019
-0.00000231197191832588
+0.00000079478425388547
+0.00000356285245231279
+0.00000577932414984499
+0.00000729837520031271
+0.00000804845774619563
+0.00000803222096657323
+0.00000731978544981565
+0.00000603654743068628
+0.00000434708700947358
+0.00000243697481389135
+0.00000049430880413414
-0.00000130732108496106
-0.00000282302125629625
-0.00000394690150887480
-0.00000461791344735254
-0.00000482109477445662
-0.00000458452687226658
-0.00000397267920020107
-0.00000307708516795205
-0.00000200545336000865
-0.00000087036032705118
+0.00000022139694536912
+0.00000117787307110903
+0.00000192878775893369
+0.00000242967273978612
+0.00000266323160944091
+0.00000263806382336074
+0.00000238513584609902
+0.00000195255599514806
+0.00000139931378898779
+0.00000078867618974847
+0.00000018189586871739
-0.00000036720938717740
-0.00000081638695701820
-0.00000113753639678214
-0.00000131767413172072
-0.00000135836081624120
-0.00000127381553616802
-0.00000108804423699902
-0.00000083137042798165
-0.00000053677257334336
-0.00000023640741265338
+0.00000004136162581768
+0.00000027419727872482
+0.00000044714879436856
+0.00000055310872153823
+0.00000059242998861484
+0.00000057184532395475
+0.00000050288624626140
+0.00000040002763647547
+0.00000027878596135544
+0.00000015397702970590
+0.00000003829750562226
-0.00000005866033268425
-0.00000013091172469712
-0.00000017611093213427
-0.00000019517327742126
-0.00000019158889993237
-0.00000017055261344560
-0.00000013804048295561
-0.00000009995386358578
-0.00000006142827086085
-0.00000002637153642205
+0.00000000274198545055
+0.00000002483186684943
+0.00000003997003973833
+0.00000004900455385960
+0.00000005312889528301
+0.00000005347787239892
+0.00000005082025773532