-0.00000004145838720030
-0.00000003695420472755
-0.00000003246894372597
-0.00000002739079146491
-0.00000002101350095239
-0.00000001258674940073
-0.00000000137116237211
+0.00000001330418351744
+0.00000003198411784274
+0.00000005503201597826
+0.00000008257915559593
+0.00000011448116204210
+0.00000015028377616717
+0.00000018919996438123
+0.00000023010010386429
+0.00000027151662023217
+0.00000031166403678059
+0.00000034847492191246
+0.00000037965170465912
+0.00000040273377933967
+0.00000041517875309819
+0.00000041445611953325
+0.00000039815108434875
+0.00000036407574226103
+0.00000031038432614127
+0.00000023568883745419
+0.00000013917103890456
+0.00000002068656226385
-0.00000011914322851075
-0.00000027885596380591
-0.00000045609377670146
-0.00000064757348795814
-0.00000084908491751904
-0.00000105552018103263
-0.00000126093609780231
-0.00000145865097416007
-0.00000164137604883472
-0.00000180138081453459
-0.00000193069028741165
-0.00000202131111230115
-0.00000206548219937810
-0.00000205594442294354
-0.00000198622281348771
-0.00000185091367925870
-0.00000164596824274521
-0.00000136896370913554
-0.00000101935223402532
-0.00000059867805885029
-0.00000011075316224328
+0.00000043821784489517
+0.00000103957215936269
+0.00000168219012644004
+0.00000235256971839629
+0.00000303497875627856
+0.00000371168757047084
+0.00000436328264074516
+0.00000496905940129529
+0.00000550748989435657
+0.00000595675837002529
+0.00000629535532989049
+0.00000650271797417087
+0.00000655990261648788
+0.00000645027245958479
+0.00000616018226136959
+0.00000567963994310961
+0.00000500292417463881
+0.00000412913648141301
+0.00000306266651107679
+0.00000181354981594189
+0.00000039769888037737
-0.00000116300984049514
-0.00000284080740991009
-0.00000460227364128986
-0.00000640875538162350
-0.00000821696473543672
-0.00000997975527307140
-0.00001164706910301138
-0.00001316704232925431
-0.00001448725099971340
-0.00001555607433043231
-0.00001632414692119034
-0.00001674586702312021
-0.00001678092384020989
-0.00001639580350099757
-0.00001556523087154164
-0.00001427350292833446
-0.00001251566908319938
-0.00001029851474036368
-0.00000764130652966475
-0.00000457626112830509
-0.00000114870435113336
+0.00000258310678631401
+0.00000654851912728862
+0.00001066538739305633
+0.00001484134983965038
+0.00001897546836059764
+0.00002296021548879744
+0.00002668378016163781
+0.00003003265356556415
+0.00003289444616145061
+0.00003516087741173010
+0.00003673087108770838
+0.00003751368162781726
+0.00003743197112680674
+0.00003642475242036056
+0.00003445011161541910
+0.00003148762348919257
+0.00002754037557699099
+0.00002263652157339882
+0.00001683029190550166
+0.00001020239895876043
+0.00000285978633647704
-0.00000506531446502867
-0.00001341704072645356
-0.00002201827187883372
-0.00003067370435963625
-0.00003917359340053787
-0.00004729810758246179
-0.00005482222260179928
-0.00006152106205004779
-0.00006717557565639929
-0.00007157842991528439
-0.00007453997283698114
-0.00007589412420523494
-0.00007550403564013828
-0.00007326736132434904
-0.00006912098075792706
-0.00006304501957609463
-0.00005506602341151112
-0.00004525915301826848
-0.00003374928629621306
-0.00002071093424295365
-0.00000636690288216495
+0.00000901433857825904
+0.00002512259227281912
+0.00004161114500174343
+0.00005810320243277596
+0.00007419945182083289
+0.00008948662690050181
+0.00010354691598463295
+0.00011596802396045920
+0.00012635367171951058
+0.00013433429346076999
+0.00013957767408010572
+0.00014179925623131689
+0.00014077184023632942
+0.00013633440032655890
+0.00012839974805859241
+0.00011696078834493560
+0.00010209513537706575
+0.00008396788460945957
+0.00006283237254480418
+0.00003902879774682184
+0.00001298062355720678
-0.00001481126551890865
-0.00004377662695451332
-0.00007328605909806510
-0.00010266319430205482
-0.00013119868764431108
-0.00015816574760863119
-0.00018283690371266074
-0.00020450165978646025
-0.00022248464183433642
-0.00023616381747732862
-0.00024498834106052435
-0.00024849556563190991
-0.00024632676096524747
-0.00023824108617944800
-0.00022412738661014534
-0.00020401341744271320
-0.00017807214095161541
-0.00014662479943808055
-0.00011014053124494802
-0.00006923237138921874
-0.00002464955994803479
+0.00002273383133160014
+0.00007193385256998968
+0.00012187501492355754
+0.00017141172849265577
+0.00021935246252938304
+0.00026448616714684685
+0.00030561041888879057
+0.00034156068543908735
+0.00037124004953519561
+0.00039364869069584874
+0.00040791239731832307
+0.00041330937236997497
+0.00040929460425903684
+0.00039552110108966927
+0.00037185733152577554
+0.00033840027859624897
+0.00029548359319880814
+0.00024368043056615128
+0.00018380066386253878
+0.00011688229226991253
+0.00004417699389693234
-0.00003287008624753223
-0.00011264607927154249
-0.00019340128832691792
-0.00027328471830758631
-0.00035038358578326706
-0.00042276603145618210
-0.00048852614693140550
-0.00054583033403503127
-0.00059296394127635044
-0.00062837707094071050
-0.00065072842388134912
-0.00065892604899674178
-0.00065216389170176775
-0.00062995309086641697
-0.00059214705648286050
-0.00053895946982638167
-0.00047097448250751146
-0.00038914854830787227
-0.00029480349914266942
-0.00018961067039326816
-0.00007556608716400637
+0.00004504306275749174
+0.00016968022617754188
+0.00029560889373632322
+0.00041994875494684539
+0.00053973753759204769
+0.00065199729255252341
+0.00075380373038513512
+0.00084235708853540705
+0.00091505291203637510
+0.00096955106941189683
+0.00100384130204119580
+0.00101630362142781880
+0.00100576192574566110
+0.00097152930486470960
+0.00091344364097276337
+0.00083189228810055956
+0.00072782482553893492
+0.00060275312357258471
+0.00045873823051757647
+0.00029836388229922489
+0.00012469674359282613
-0.00005876619386588359
-0.00024816231199567529
-0.00043933910996976443
-0.00062793963568485859
-0.00080949597221238137
-0.00097952889678591388
-0.00113365161552256420
-0.00126767530421753640
-0.00137771405972186610
-0.00146028679222245850
-0.00151241356974113400
-0.00153170396472462500
-0.00151643504980562820
-0.00146561684542972180
-0.00137904323443740740
-0.00125732662485222620
-0.00110191495768175230
-0.00091509001581426171
-0.00069994638620655178
-0.00046035085253733684
-0.00020088244044116967
+0.00007324620732027149
+0.00035628499306374713
+0.00064205848621111156
+0.00092409200381444621
+0.00119574925608856340
+0.00145037881298905220
+0.00168146634855753780
+0.00188278938016670750
+0.00204857104740279730
+0.00217362937627461160
+0.00225351845339243850
+0.00228465799472675180
+0.00226444793577794960
+0.00219136489386072280
+0.00206503765623852930
+0.00188629922565853210
+0.00165721340121874140
+0.00138107437948008880
+0.00106237841873119130
+0.00070676720729099260
+0.00032094320242767051
-0.00008744215337734906
-0.00050992579145775322
-0.00093739377719957175
-0.00136026269909405970
-0.00176867835859523800
-0.00215272793357366250
-0.00250266135823860310
-0.00280911731342597120
-0.00306334896330742860
-0.00325744441630208740
-0.00338453683571891860
-0.00343899918369393280
-0.00341661875224811470
-0.00331474691727947150
-0.00313241994202697680
-0.00287044715053453620
-0.00253146338100328520
-0.00211994330344627810
-0.00164217593340742350
-0.00110619847941421960
-0.00052168951039127990
+0.00010017769677966367
+0.00074691988824458549
+0.00140496403195840260
+0.00205989953481775480
+0.00269675823960365420
+0.00330031724193461090
+0.00385541893121835220
+0.00434730212420123520
+0.00476193773912126930
+0.00508636216449993590
+0.00530900131863656750
+0.00541997838056906560
+0.00541139830440560100
+0.00527760250723678570
+0.00501538754390922720
+0.00462418214424961410
+0.00410617768127064220
+0.00346640795091507360
+0.00271277506069527880
+0.00185601922935542330
+0.00090963137342859289
-0.00011029152153421575
-0.00118524709944316260
-0.00229458210564035270
-0.00341579720646148070
-0.00452489764537064230
-0.00559678420724503320
-0.00660567803482274300
-0.00752557202424447400
-0.00833070083870241650
-0.00899602103676574660
-0.00949769242853636640
-0.00981355155887644010
-0.00992356817967504290
-0.00981027571608312360
-0.00945916705478364210
-0.00885904748191263320
-0.00800233726677163950
-0.00688531721397511990
-0.00550831147678916210
-0.00387580302065686010
-0.00199647832800694140
+0.00011680077925125865
+0.00244709897923240560
+0.00497358235480620680
+0.00767176438475822370
+0.01051381968235749200
+0.01346896083105681400
+0.01650387243120453300
+0.01958319533633515900
+0.02267005304613157300
+0.02572661135649780700
+0.02871466166356033100
+0.03159621779288027100
+0.03433411588927081500
+0.03689260676418949800
+0.03923793016060153600
+0.04133886065935212700
+0.04316721541226386400
+0.04469831453724282900
+0.04591138583766541500
+0.04678990649667605400
+0.04732187552792315600
+0.04750001201596747900
+0.04732187552792315600
+0.04678990649667605400
+0.04591138583766541500
+0.04469831453724282900
+0.04316721541226386400
+0.04133886065935212700
+0.03923793016060153600
+0.03689260676418949800
+0.03433411588927081500
+0.03159621779288027100
+0.02871466166356033100
+0.02572661135649780700
+0.02267005304613157300
+0.01958319533633515900
+0.01650387243120453300
+0.01346896083105681400
+0.01051381968235749200
+0.00767176438475822370
+0.00497358235480620680
+0.00244709897923240560
+0.00011680077925125865
-0.00199647832800694140
-0.00387580302065686010
-0.00550831147678916210
-0.00688531721397511990
-0.00800233726677163950
-0.00885904748191263320
-0.00945916705478364210
-0.00981027571608312360
-0.00992356817967504290
-0.00981355155887644010
-0.00949769242853636640
-0.00899602103676574660
-0.00833070083870241650
-0.00752557202424447400
-0.00660567803482274300
-0.00559678420724503320
-0.00452489764537064230
-0.00341579720646148070
-0.00229458210564035270
-0.00118524709944316260
-0.00011029152153421575
+0.00090963137342859289
+0.00185601922935542330
+0.00271277506069527880
+0.00346640795091507360
+0.00410617768127064220
+0.00462418214424961410
+0.00501538754390922720
+0.00527760250723678570
+0.00541139830440560100
+0.00541997838056906560
+0.00530900131863656750
+0.00508636216449993590
+0.00476193773912126930
+0.00434730212420123520
+0.00385541893121835220
+0.00330031724193461090
+0.00269675823960365420
+0.00205989953481775480
+0.00140496403195840260
+0.00074691988824458549
+0.00010017769677966367
-0.00052168951039127990
-0.00110619847941421960
-0.00164217593340742350
-0.00211994330344627810
-0.00253146338100328520
-0.00287044715053453620
-0.00313241994202697680
-0.00331474691727947150
-0.00341661875224811470
-0.00343899918369393280
-0.00338453683571891860
-0.00325744441630208740
-0.00306334896330742860
-0.00280911731342597120
-0.00250266135823860310
-0.00215272793357366250
-0.00176867835859523800
-0.00136026269909405970
-0.00093739377719957175
-0.00050992579145775322
-0.00008744215337734906
+0.00032094320242767051
+0.00070676720729099260
+0.00106237841873119130
+0.00138107437948008880
+0.00165721340121874140
+0.00188629922565853210
+0.00206503765623852930
+0.00219136489386072280
+0.00226444793577794960
+0.00228465799472675180
+0.00225351845339243850
+0.00217362937627461160
+0.00204857104740279730
+0.00188278938016670750
+0.00168146634855753780
+0.00145037881298905220
+0.00119574925608856340
+0.00092409200381444621
+0.00064205848621111156
+0.00035628499306374713
+0.00007324620732027149
-0.00020088244044116967
-0.00046035085253733684
-0.00069994638620655178
-0.00091509001581426171
-0.00110191495768175230
-0.00125732662485222620
-0.00137904323443740740
-0.00146561684542972180
-0.00151643504980562820
-0.00153170396472462500
-0.00151241356974113400
-0.00146028679222245850
-0.00137771405972186610
-0.00126767530421753640
-0.00113365161552256420
-0.00097952889678591388
-0.00080949597221238137
-0.00062793963568485859
-0.00043933910996976443
-0.00024816231199567529
-0.00005876619386588359
+0.00012469674359282613
+0.00029836388229922489
+0.00045873823051757647
+0.00060275312357258471
+0.00072782482553893492
+0.00083189228810055956
+0.00091344364097276337
+0.00097152930486470960
+0.00100576192574566110
+0.00101630362142781880
+0.00100384130204119580
+0.00096955106941189683
+0.00091505291203637510
+0.00084235708853540705
+0.00075380373038513512
+0.00065199729255252341
+0.00053973753759204769
+0.00041994875494684539
+0.00029560889373632322
+0.00016968022617754188
+0.00004504306275749174
-0.00007556608716400637
-0.00018961067039326816
-0.00029480349914266942
-0.00038914854830787227
-0.00047097448250751146
-0.00053895946982638167
-0.00059214705648286050
-0.00062995309086641697
-0.00065216389170176775
-0.00065892604899674178
-0.00065072842388134912
-0.00062837707094071050
-0.00059296394127635044
-0.00054583033403503127
-0.00048852614693140550
-0.00042276603145618210
-0.00035038358578326706
-0.00027328471830758631
-0.00019340128832691792
-0.00011264607927154249
-0.00003287008624753223
+0.00004417699389693234
+0.00011688229226991253
+0.00018380066386253878
+0.00024368043056615128
+0.00029548359319880814
+0.00033840027859624897
+0.00037185733152577554
+0.00039552110108966927
+0.00040929460425903684
+0.00041330937236997497
+0.00040791239731832307
+0.00039364869069584874
+0.00037124004953519561
+0.00034156068543908735
+0.00030561041888879057
+0.00026448616714684685
+0.00021935246252938304
+0.00017141172849265577
+0.00012187501492355754
+0.00007193385256998968
+0.00002273383133160014
-0.00002464955994803479
-0.00006923237138921874
-0.00011014053124494802
-0.00014662479943808055
-0.00017807214095161541
-0.00020401341744271320
-0.00022412738661014534
-0.00023824108617944800
-0.00024632676096524747
-0.00024849556563190991
-0.00024498834106052435
-0.00023616381747732862
-0.00022248464183433642
-0.00020450165978646025
-0.00018283690371266074
-0.00015816574760863119
-0.00013119868764431108
-0.00010266319430205482
-0.00007328605909806510
-0.00004377662695451332
-0.00001481126551890865
+0.00001298062355720678
+0.00003902879774682184
+0.00006283237254480418
+0.00008396788460945957
+0.00010209513537706575
+0.00011696078834493560
+0.00012839974805859241
+0.00013633440032655890
+0.00014077184023632942
+0.00014179925623131689
+0.00013957767408010572
+0.00013433429346076999
+0.00012635367171951058
+0.00011596802396045920
+0.00010354691598463295
+0.00008948662690050181
+0.00007419945182083289
+0.00005810320243277596
+0.00004161114500174343
+0.00002512259227281912
+0.00000901433857825904
-0.00000636690288216495
-0.00002071093424295365
-0.00003374928629621306
-0.00004525915301826848
-0.00005506602341151112
-0.00006304501957609463
-0.00006912098075792706
-0.00007326736132434904
-0.00007550403564013828
-0.00007589412420523494
-0.00007453997283698114
-0.00007157842991528439
-0.00006717557565639929
-0.00006152106205004779
-0.00005482222260179928
-0.00004729810758246179
-0.00003917359340053787
-0.00003067370435963625
-0.00002201827187883372
-0.00001341704072645356
-0.00000506531446502867
+0.00000285978633647704
+0.00001020239895876043
+0.00001683029190550166
+0.00002263652157339882
+0.00002754037557699099
+0.00003148762348919257
+0.00003445011161541910
+0.00003642475242036056
+0.00003743197112680674
+0.00003751368162781726
+0.00003673087108770838
+0.00003516087741173010
+0.00003289444616145061
+0.00003003265356556415
+0.00002668378016163781
+0.00002296021548879744
+0.00001897546836059764
+0.00001484134983965038
+0.00001066538739305633
+0.00000654851912728862
+0.00000258310678631401
-0.00000114870435113336
-0.00000457626112830509
-0.00000764130652966475
-0.00001029851474036368
-0.00001251566908319938
-0.00001427350292833446
-0.00001556523087154164
-0.00001639580350099757
-0.00001678092384020989
-0.00001674586702312021
-0.00001632414692119034
-0.00001555607433043231
-0.00001448725099971340
-0.00001316704232925431
-0.00001164706910301138
-0.00000997975527307140
-0.00000821696473543672
-0.00000640875538162350
-0.00000460227364128986
-0.00000284080740991009
-0.00000116300984049514
+0.00000039769888037737
+0.00000181354981594189
+0.00000306266651107679
+0.00000412913648141301
+0.00000500292417463881
+0.00000567963994310961
+0.00000616018226136959
+0.00000645027245958479
+0.00000655990261648788
+0.00000650271797417087
+0.00000629535532989049
+0.00000595675837002529
+0.00000550748989435657
+0.00000496905940129529
+0.00000436328264074516
+0.00000371168757047084
+0.00000303497875627856
+0.00000235256971839629
+0.00000168219012644004
+0.00000103957215936269
+0.00000043821784489517
-0.00000011075316224328
-0.00000059867805885029
-0.00000101935223402532
-0.00000136896370913554
-0.00000164596824274521
-0.00000185091367925870
-0.00000198622281348771
-0.00000205594442294354
-0.00000206548219937810
-0.00000202131111230115
-0.00000193069028741165
-0.00000180138081453459
-0.00000164137604883472
-0.00000145865097416007
-0.00000126093609780231
-0.00000105552018103263
-0.00000084908491751904
-0.00000064757348795814
-0.00000045609377670146
-0.00000027885596380591
-0.00000011914322851075
+0.00000002068656226385
+0.00000013917103890456
+0.00000023568883745419
+0.00000031038432614127
+0.00000036407574226103
+0.00000039815108434875
+0.00000041445611953325
+0.00000041517875309819
+0.00000040273377933967
+0.00000037965170465912
+0.00000034847492191246
+0.00000031166403678059
+0.00000027151662023217
+0.00000023010010386429
+0.00000018919996438123
+0.00000015028377616717
+0.00000011448116204210
+0.00000008257915559593
+0.00000005503201597826
+0.00000003198411784274
+0.00000001330418351744
-0.00000000137116237211
-0.00000001258674940073
-0.00000002101350095239
-0.00000002739079146491
-0.00000003246894372597
-0.00000003695420472755
-0.00000004145838720030