0
562206
1124390
1686529
2248602
2810587
3372460
3934200
4495785
5057192
5618400
6179386
6740128
7300604
7860792
8420669
8980214
9539404
10098218
10656633
11214627
11772179
12329266
12885866
13441958
13997518
14552527
15106960
15660798
16214017
16766596
17318513
17869746
18420274
18970075
19519126
20067407
20614896
21161572
21707411
22252394
22796498
23339702
23881985
24423325
24963701
25503091
26041475
26578830
27115136
27650372
28184516
28717548
29249445
29780188
30309756
30838126
31365280
31891195
32415851
32939227
33461303
33982058
34501471
35019522
35536191
36051457
36565300
37077699
37588634
38098086
38606033
39112456
39617335
40120651
40622382
41122509
41621013
42117874
42613073
43106589
43598403
44088496
44576848
45063441
45548254
46031270
46512468
46991830
47469337
47944970
48418710
48890538
49360436
49828386
50294369
50758366
51220359
51680330
52138261
52594134
53047930
53499632
53949222
54396682
54841994
55285142
55726107
56164872
56601419
57035733
57467794
57897587
58325094
58750298
59173184
59593733
60011929
60427756
60841198
61252238
61660859
62067047
62470784
62872055
63270843
63667134
64060912
64452160
64840864
65227008
65610577
65991556
66369930
66745683
67118802
67489271
67857075
68222201
68584633
68944357
69301360
69655627
70007144
70355897
70701873
71045058
71385438
71722999
72057729
72389615
72718642
73044799
73368072
73688449
74005917
74320462
74632074
74940740
75246447
75549183
75848937
76145697
76439450
76730186
77017892
77302558
77584173
77862724
78138201
78410594
78679891
78946082
79209156
79469104
79725914
79979576
80230081
80477419
80721580
80962554
81200331
81434903
81666260
81894393
82119293
82340951
82559359
82774507
82986387
83194991
83400311
83602338
83801065
83996483
84188586
84377364
84562812
84744921
84923685
85099096
85271148
85439833
85605145
85767077
85925624
86080778
86232535
86380886
86525828
86667354
86805458
86940135
87071380
87199188
87323553
87444471
87561937
87675945
87786493
87893575
87997187
88097325
88193985
88287163
88376856
88463060
88545772
88624988
88700705
88772920
88841631
88906835
88968528
89026709
89081376
89132526
89180157
89224268
89264856
89301919
89335458
89365470
89391953
89414908
89434333
89450227
89462589
89471420
89476719
89478485
89476719
89471420
89462589
89450227
89434333
89414908
89391953
89365470
89335458
89301919
89264856
89224268
89180157
89132526
89081376
89026709
88968528
88906835
88841631
88772920
88700705
88624988
88545772
88463060
88376856
88287163
88193985
88097325
87997187
87893575
87786493
87675945
87561937
87444471
87323553
87199188
87071380
86940135
86805458
86667354
86525828
86380886
86232535
86080778
85925624
85767077
85605145
85439833
85271148
85099096
84923685
84744921
84562812
84377364
84188586
83996483
83801065
83602338
83400311
83194991
82986387
82774507
82559359
82340951
82119293
81894393
81666260
81434903
81200331
80962554
80721580
80477419
80230081
79979576
79725914
79469104
79209156
78946082
78679891
78410594
78138201
77862724
77584173
77302558
77017892
76730186
76439450
76145697
75848937
75549183
75246447
74940740
74632074
74320462
74005917
73688449
73368072
73044799
72718642
72389615
72057729
71722999
71385438
71045058
70701873
70355897
70007144
69655627
69301360
68944357
68584633
68222201
67857075
67489271
67118802
66745683
66369930
65991556
65610577
65227008
64840864
64452160
64060912
63667134
63270843
62872055
62470784
62067047
61660859
61252238
60841198
60427756
60011929
59593733
59173184
58750298
58325094
57897587
57467794
57035733
56601419
56164872
55726107
55285142
54841994
54396682
53949222
53499632
53047930
52594134
52138261
51680330
51220359
50758366
50294369
49828386
49360436
48890538
48418710
47944970
47469337
46991830
46512468
46031270
45548254
45063441
44576848
44088496
43598403
43106589
42613073
42117874
41621013
41122509
40622382
40120651
39617335
39112456
38606033
38098086
37588634
37077699
36565300
36051457
35536191
35019522
34501471
33982058
33461303
32939227
32415851
31891195
31365280
30838126
30309756
29780188
29249445
28717548
28184516
27650372
27115136
26578830
26041475
25503091
24963701
24423325
23881985
23339702
22796498
22252394
21707411
21161572
20614896
20067407
19519126
18970075
18420274
17869746
17318513
16766596
16214017
15660798
15106960
14552527
13997518
13441958
12885866
12329266
11772179
11214627
10656633
10098218
9539404
8980214
8420669
7860792
7300604
6740128
6179386
5618400
5057192
4495785
3934200
3372460
2810587
2248602
1686529
1124390
562206
0
-562206
-1124390
-1686529
-2248602
-2810587
-3372460
-3934200
-4495785
-5057192
-5618400
-6179386
-6740128
-7300604
-7860792
-8420669
-8980214
-9539404
-10098218
-10656633
-11214627
-11772179
-12329266
-12885866
-13441958
-13997518
-14552527
-15106960
-15660798
-16214017
-16766596
-17318513
-17869746
-18420274
-18970075
-19519126
-20067407
-20614896
-21161572
-21707411
-22252394
-22796498
-23339702
-23881985
-24423325
-24963701
-25503091
-26041475
-26578830
-27115136
-27650372
-28184516
-28717548
-29249445
-29780188
-30309756
-30838126
-31365280
-31891195
-32415851
-32939227
-33461303
-33982058
-34501471
-35019522
-35536191
-36051457
-36565300
-37077699
-37588634
-38098086
-38606033
-39112456
-39617335
-40120651
-40622382
-41122509
-41621013
-42117874
-42613073
-43106589
-43598403
-44088496
-44576848
-45063441
-45548254
-46031270
-46512468
-46991830
-47469337
-47944970
-48418710
-48890538
-49360436
-49828386
-50294369
-50758366
-51220359
-51680330
-52138261
-52594134
-53047930
-53499632
-53949222
-54396682
-54841994
-55285142
-55726107
-56164872
-56601419
-57035733
-57467794
-57897587
-58325094
-58750298
-59173184
-59593733
-60011929
-60427756
-60841198
-61252238
-61660859
-62067047
-62470784
-62872055
-63270843
-63667134
-64060912
-64452160
-64840864
-65227008
-65610577
-65991556
-66369930
-66745683
-67118802
-67489271
-67857075
-68222201
-68584633
-68944357
-69301360
-69655627
-70007144
-70355897
-70701873
-71045058
-71385438
-71722999
-72057729
-72389615
-72718642
-73044799
-73368072
-73688449
-74005917
-74320462
-74632074
-74940740
-75246447
-75549183
-75848937
-76145697
-76439450
-76730186
-77017892
-77302558
-77584173
-77862724
-78138201
-78410594
-78679891
-78946082
-79209156
-79469104
-79725914
-79979576
-80230081
-80477419
-80721580
-80962554
-81200331
-81434903
-81666260
-81894393
-82119293
-82340951
-82559359
-82774507
-82986387
-83194991
-83400311
-83602338
-83801065
-83996483
-84188586
-84377364
-84562812
-84744921
-84923685
-85099096
-85271148
-85439833
-85605145
-85767077
-85925624
-86080778
-86232535
-86380886
-86525828
-86667354
-86805458
-86940135
-87071380
-87199188
-87323553
-87444471
-87561937
-87675945
-87786493
-87893575
-87997187
-88097325
-88193985
-88287163
-88376856
-88463060
-88545772
-88624988
-88700705
-88772920
-88841631
-88906835
-88968528
-89026709
-89081376
-89132526
-89180157
-89224268
-89264856
-89301919
-89335458
-89365470
-89391953
-89414908
-89434333
-89450227
-89462589
-89471420
-89476719
-89478485
-89476719
-89471420
-89462589
-89450227
-89434333
-89414908
-89391953
-89365470
-89335458
-89301919
-89264856
-89224268
-89180157
-89132526
-89081376
-89026709
-88968528
-88906835
-88841631
-88772920
-88700705
-88624988
-88545772
-88463060
-88376856
-88287163
-88193985
-88097325
-87997187
-87893575
-87786493
-87675945
-87561937
-87444471
-87323553
-87199188
-87071380
-86940135
-86805458
-86667354
-86525828
-86380886
-86232535
-86080778
-85925624
-85767077
-85605145
-85439833
-85271148
-85099096
-84923685
-84744921
-84562812
-84377364
-84188586
-83996483
-83801065
-83602338
-83400311
-83194991
-82986387
-82774507
-82559359
-82340951
-82119293
-81894393
-81666260
-81434903
-81200331
-80962554
-80721580
-80477419
-80230081
-79979576
-79725914
-79469104
-79209156
-78946082
-78679891
-78410594
-78138201
-77862724
-77584173
-77302558
-77017892
-76730186
-76439450
-76145697
-75848937
-75549183
-75246447
-74940740
-74632074
-74320462
-74005917
-73688449
-73368072
-73044799
-72718642
-72389615
-72057729
-71722999
-71385438
-71045058
-70701873
-70355897
-70007144
-69655627
-69301360
-68944357
-68584633
-68222201
-67857075
-67489271
-67118802
-66745683
-66369930
-65991556
-65610577
-65227008
-64840864
-64452160
-64060912
-63667134
-63270843
-62872055
-62470784
-62067047
-61660859
-61252238
-60841198
-60427756
-60011929
-59593733
-59173184
-58750298
-58325094
-57897587
-57467794
-57035733
-56601419
-56164872
-55726107
-55285142
-54841994
-54396682
-53949222
-53499632
-53047930
-52594134
-52138261
-51680330
-51220359
-50758366
-50294369
-49828386
-49360436
-48890538
-48418710
-47944970
-47469337
-46991830
-46512468
-46031270
-45548254
-45063441
-44576848
-44088496
-43598403
-43106589
-42613073
-42117874
-41621013
-41122509
-40622382
-40120651
-39617335
-39112456
-38606033
-38098086
-37588634
-37077699
-36565300
-36051457
-35536191
-35019522
-34501471
-33982058
-33461303
-32939227
-32415851
-31891195
-31365280
-30838126
-30309756
-29780188
-29249445
-28717548
-28184516
-27650372
-27115136
-26578830
-26041475
-25503091
-24963701
-24423325
-23881985
-23339702
-22796498
-22252394
-21707411
-21161572
-20614896
-20067407
-19519126
-18970075
-18420274
-17869746
-17318513
-16766596
-16214017
-15660798
-15106960
-14552527
-13997518
-13441958
-12885866
-12329266
-11772179
-11214627
-10656633
-10098218
-9539404
-8980214
-8420669
-7860792
-7300604
-6740128
-6179386
-5618400
-5057192
-4495785
-3934200
-3372460
-2810587
-2248602
-1686529
-1124390
-562206
-8603859
-14201061
-12357700
14766512
-3015092
14466637
16040603
9589163
1647484
21851793
-5463910
2364568
-8349337
6767270
16403662
-3489915
19109401
10901724
24647267
21402668
13671659
7240844
-4823773
19936423
26185423
5651722
5498954
12073308
15689642
24026431
4237233
19502316
5737137
30035749
33527035
11385179
29043367
22611944
26220730
30258654
12094968
22177908
8320256
38398768
10874546
19693223
34426489
35814619
28895634
37802596
17852637
26597636
37930148
24834492
31481665
29746067
19894730
16303267
39836802
38416210
40776026
31396602
32220400
23686012
50979800
31238013
38672261
39525119
34862985
52398940
36778897
35791441
48434585
23232748
43171992
58452925
24264564
26971761
48851354
30645772
55943146
26538669
49738244
27040974
51343830
40457268
59834407
41143860
36409336
48286064
34103102
37831726
51352262
57466801
35909772
67609214
63184627
56914533
41574622
45451847
38905123
58344864
61436801
38377429
72049635
44128050
48346056
52317264
52692352
46782836
49355232
53444893
72229446
62088347
46992809
74156913
45351100
49518102
48859021
67987855
77266574
74925129
66610347
48793242
57539513
59045276
77857710
78448674
63473657
81043246
61742471
75313713
57831519
58170952
63093784
57472831
57887458
76869869
78485372
55433833
55907656
59442952
86026965
74044115
72888299
85877706
77150269
72657925
67514394
65641451
67802448
77745625
78884984
56171404
88305501
62062935
91274550
81215612
75677349
87720863
72247553
83117216
63685182
88415794
87422267
62957420
79995527
68409889
89869712
62370892
80889580
89676483
64858091
65066215
75649591
71573522
66481985
70881642
66511681
63579080
69744929
91085987
95052442
87741850
84029631
98043303
72424725
73318146
92561948
68930199
78085220
97121550
68138603
84552325
73012502
101560778
98438221
87825607
74515938
67325111
71541600
90155395
85433150
77283650
72413312
78586733
82214904
83729627
74217609
98294862
99673440
86759651
87593931
96107204
86139665
91392802
100098731
84141154
101509092
73138724
91001177
81252756
84599430
96474607
99072932
86664398
86729125
91793638
77218313
99980845
77213686
73448174
89909632
105928082
81304333
85857045
76198103
97932939
105301799
86030146
102315270
85232169
83753600
88059291
106364478
78845943
86474292
100758097
73727525
103515365
105449396
81728780
74134136
85047083
88929160
90623738
80153077
89172003
99846306
87046130
75219706
83072321
89291750
104542207
72394253
93373792
81643808
81223537
94576758
81144589
92145627
94759769
87527455
94033646
101597273
86056543
79331476
98368074
102485372
90660780
89083003
100066400
73761551
85206704
79483476
79730790
95515163
99475222
101562450
81850221
69353058
86766664
88543314
74703863
101373479
89703579
96969854
85942502
89751402
82944615
84205519
75597559
101815346
99901169
102140386
77849727
93887716
97149759
98069369
66106559
89076526
94915123
74021254
67757780
97847122
88211469
80784671
87805540
73429574
95399930
65375405
80917882
66086371
63075021
89566932
69721193
85429285
77434878
67001720
80202182
74234841
78228112
81275391
69839506
84627353
78590816
66837861
64665005
87070337
69600021
70642336
83116437
89189221
60956657
87849106
75814125
64281928
68076752
62117045
82746496
62383286
56951540
82928564
66992619
77629494
78233250
67520394
75606770
67228137
58954578
75061490
65507853
60474706
52156150
65365852
69115932
64206688
53308225
80960848
63932940
72304824
77055890
52981650
70443998
60185569
71328246
45365573
52321525
72874626
45321360
65185550
68999491
72927117
67318291
57932254
75153672
70692164
53144831
42211526
69442666
64565710
50988680
59856963
62612893
52074683
62646742
46989196
36672969
42159398
51633344
45881518
53735701
36525201
55732400
52334517
52683456
67087494
37237661
58299420
42058502
40465705
55707952
30796651
63546516
31386877
28011938
30143767
43407499
26642017
45875937
50903321
35398849
34435176
44339460
44766908
28057472
32837315
38026982
56703459
22959904
54853264
39155359
48939404
48469647
38234147
51612460
18612784
20979807
19470708
45303225
34070456
43773236
29497383
23870619
42982636
14831516
20072721
25744946
26904260
28010512
21770601
38040415
36760188
11164749
8098253
32980306
27405268
18040110
13474540
13046377
35794595
17444015
24393651
4490575
4701792
32308785
5909750
11303731
23642251
19723725
25756080
33206674
-677560
-429855
12864996
3800240
9407452
16961206
25352867
28215110
-4797601
-1760939
-5619151
16459950
-3221993
159336
20352020
16303323
21295108
3319491
15679671
15920498
22234092
-11673308
12249044
17453302
-14794972
8986849
10644846
11336742
-15931605
-8348759
4826313
11161550
2903898
7989491
5627032
-1222164
-5037584
-4020214
-18996687
-17459613
-6777343
-1981717
-13892368
-7813556
-4506350
60435
-23841965
-25479344
-886450
-20607370
-6438179
111282
-12332056
2787672
-19257585
-25950438
-13521069
-11057946
-24930449
-4670992
-34130049
-10197028
-13375256
-29795285
-7996733
-26629561
-9087431
-30789308
-8354556
-22248183
-36330978
-41568949
-38657140
-41416963
-37312368
-43112335
-27107752
-31302592
-44285651
-39613777
-11951468
-21754863
-21225006
-35989337
-30316836
-37529621
-42805603
-41128997
-45442492
-50382982
-36117306
-50407482
-39051735
-31066669
-43587247
-21608390
-52229415
-20011179
-37850210
-43210387
-52072977
-28913211
-32224564
-57605006
-32633033
-50417305
-34201052
-44445672
-45032959
-57943307
-44187428
-50674950
-40645392
-54116641
-51736471
-63593857
-37517905
-43631471
-43525670
-63599995
-36397054
-52127990
-53539869
-55476534
-41004350
-56218447
-41485121
-36183062
-41695576
-40684914
-61548822
-68736895
-49770116
-68605369
-60072053
-72777579
-40373380
-61945244
-48273485
-46592810
-48894869
-53512517
-73525420
-50949077
-58394303
-49062328
-48504060
-64896339
-76120368
-57374962
-51708508
-47656885
-62309650
-80775451
-73674073
-65598802
-79061431
-58456573
-77318145
-63918802
-57325981
-61116270
-82634856
-67507994
-51930132
-51961058
-70365066
-61162819
-77262522
-85738116
-74691806
-73497931
-67994399
-80143015
-76086926
-60823257
-71850803
-63072573
-75473984
-65499700
-65584121
-59639668
-59189547
-85582260
-81586606
-84464220
-63591952
-75948794
-59712062
-72498206
-71099420
-69623696
-79237410
-93592294
-91839206
-64876691
-82356077
-60438859
-73141273
-71066986
-65068092
-80894680
-96125505
-74505895
-76077510
-72012432
-85471076
-72850148
-63323540
-87026556
-93289896
-86309346
-64076989
-91670931
-69948166
-81039243
-88055702
-77848817
-99920429
-70289101
-87638926
-81434783
-91506980
-75268936
-101643375
-102407490
-97518746
-98827641
-73004675
-69481648
-76733604
-72898941
-87779349
-98467107
-74068730
-102186131
-102888967
-75242572
-90017247
-94235133
-101211941
-97077480
-91537735
-86474953
-91459294
-81140110
-70172232
-93547425
-75997274
-101258347
-105142748
-86943989
-71716416
-73198224
-73170477
-90625610
-95647113
-86054500
-74468013
-86859944
-76199986
-92223144
-89149936
-84421462
-101622253
-92978059
-74370763
-87498769
-86233884
-85140927
-103529351
-72996765
-83574483
-96575498
-104663817
-76336639
-86481361
-88748908
-96744164
-101343811
-103596785
-99319922
-76026680
-96863240
-73675221
-88074344
-97667334
-106531451
-106247277
-78879131
-82734942
-77622342
-74188807
-99493146
-74708409
-72301200
-101409633
-82898668
-97482295
-71295826
-73000135
-89237466
-83881431
-101505243
-81197501
-77454691
-75774165
-78252345
-105567590
-80592353
-82025391
-77413070
-96904374
-76959947
-88351075
-87481066
-75151299
-78305939
-92903267
-79204214
-89850497
-72199197
-91152063
-99889682
-101865192
-74034907
-80676278
-95244942
-98980943
-87424686
-78705201
-68954972
-89104722
-101367918
-93209500
-74196457
-99048173
-80040693
-69394236
-78471679
-83150223
-85273549
-83392560
-92355574
-74337540
-67494836
-77930430
-66038610
-93695164
-80864823
-96201457
-84558400
-64952861
-69635295
-78245206
-74168515
-74210159
-91560248
-68623940
-80268266
-92688333
-90090351
-94236991
-69225176
-72069236
-79429177
-91235749
-87951604
-79313555
-64947642
-81569617
-77430227
-84128927
-91524963
-74323324
-86179214
-75898970
-55976637
-77973897
-89744150
-75079118
-59147591
-78941320
-69862945
-74910715
-61905112
-52605714
-73262939
-70065853
-70728439
-58947834
-55298646
-63720451
-65011376
-57182084
-59910104
-80972831
-48929435
-77553059
-81903909
-74442973
-62352665
-55761454
-59507480
-46297272
-80041691
-48651089
-60634341
-47649410
-72542060
-53785390
-72231388
-62982092
-57840429
-48574894
-61733518
-70175196
-64247021
-64309197
-72807476
-70085322
-51042554
-51691546
-50702589
-70847016
-65757331
-48854798
-44598134
-67955100
-38627990
-45999201
-40954313
-53323146
-61777307
-32954201
-61205665
-50686851
-46361489
-44283732
-47847147
-39349872
-62059960
-50633075
-46352707
-37598802
-26708233
-34315952
-43049196
-32113429
-37516438
-28424258
-50760845
-43643239
-32296096
-45788111
-27651205
-49879295
-54731337
-32675722
-50439485
-34471421
-43013597
-37452388
-47168788
-20623084
-36081766
-42270834
-15627481
-46087781
-14792107
-14804089
-34208997
-35237280
-31157364
-46335113
-24314537
-31627520
-29136553
-28085209
-35665010
-16294493
-15078118
-40648337
-42155966
-26794256
-19815654
-13558628
-12281851
-33675045
-9928678
-24404004
-19596977
-35430557
-11622079
-4717746
-35892393
-19812720
-28089871
-18427457
-17498578
-29905366
-7595297
-14241069
-18479450
-26388020
-7336699
-9641984
-27817907
-22557734
-12225086
-23878027
4784127
-7866788
-5998472
-3955486
-5941448
-12322869
10830716
-9424957
-6159985
-5278112
13047358
-2878538
-13868022
4575993
-8359646
9414898
-8200270
15935186
