0
11214627
22252394
32939227
43106589
52594134
61252238
68944357
75549183
80962554
85099096
87893575
89301919
89301919
87893575
85099096
80962554
75549183
68944357
61252238
52594134
43106589
32939227
22252394
11214627
0
-11214627
-22252394
-32939227
-43106589
-52594134
-61252238
-68944357
-75549183
-80962554
-85099096
-87893575
-89301919
-89301919
-87893575
-85099096
-80962554
-75549183
-68944357
-61252238
-52594134
-43106589
-32939227
-22252394
-11214627
0
11214627
22252394
32939227
43106589
52594134
61252238
68944357
75549183
80962554
85099096
87893575
89301919
89301919
87893575
85099096
80962554
75549183
68944357
61252238
52594134
43106589
32939227
22252394
11214627
0
-11214627
-22252394
-32939227
-43106589
-52594134
-61252238
-68944357
-75549183
-80962554
-85099096
-87893575
-89301919
-89301919
-87893575
-85099096
-80962554
-75549183
-68944357
-61252238
-52594134
-43106589
-32939227
-22252394
-11214627
0
