0
0
0
0
0
0
0
0
0
0
0
0
0
0
0
0
-157
-199
-229
-241
-229
-190
0
0
0
220
352
472
566
620
622
566
447
269
0
-222
-499
-764
-992
-1156
-1234
-1209
-1070
-819
-467
0
444
933
1387
1761
2015
2113
2034
1766
1319
715
0
-784
-1562
-2266
-2830
-3191
-3302
-3133
-2677
-1953
-1004
0
1284
2439
3466
4265
4751
4860
4556
3837
2738
1329
-287
-1985
-3621
-5051
-6137
-6763
-6847
-6348
-5272
-3679
-1673
596
2949
5188
7113
8541
9320
9346
8575
7027
4793
2025
-1067
-4236
-7216
-9740
-11568
-12507
-12429
-11288
-9126
-6075
-2351
1764
5937
9816
13054
15344
16443
16199
14568
11620
7543
2631
-2739
-8131
-13088
-17167
-19980
-21230
-20738
-18466
-14526
-9175
-2805
4089
10945
17181
22239
25638
27018
26173
23078
17898
10983
2844
-5882
-14481
-22219
-28404
-32449
-33921
-32590
-28452
-21742
-12922
-2652
8258
18912
28400
35871
40616
42124
40141
34696
26114
14996
2183
-11309
-24369
-35876
-44802
-50294
-51758
-48919
-41854
-30999
-17129
-1301
15225
31081
44907
55462
61738
63050
59108
50052
36462
19318
0
-20131
-39219
-55687
-68056
-75140
-76158
-70813
-59330
-42463
-21444
2103
26286
49093
68558
82932
90833
91377
84269
69847
49078
23493
-4919
-33867
-60935
-83789
-100369
-109075
-108916
-99615
-81651
-56250
-25301
8780
43232
75177
101852
120850
130328
129185
117175
94959
64073
26832
-13843
-54651
-92172
-123156
-144798
-154989
-152513
-137177
-109864
-72487
-27863
20494
68648
112558
148410
172949
183766
179527
160120
126700
81630
28325
-29005
-85683
-136941
-178316
-206040
-217366
-210837
-186450
-145691
-91469
-27905
39967
106598
166371
214068
245323
257007
247535
217041
167423
102238
26455
-53912
-132282
-202033
-257055
-292282
-304141
-290904
-252881
-192470
-114013
-23501
71877
164297
245931
309601
349398
361219
343164
295766
222031
127260
18685
-95067
-204653
-300764
-374908
-420136
-431684
-407434
-348182
-257677
-142402
-11135
125708
256874
371190
458485
510480
521534
489220
414631
302427
160579
-177
-167117
-326517
-464744
-569399
-630384
-640836
-597815
-502713
-361309
-183472
17481
225742
424211
595850
725087
799166
809320
751669
627775
444757
214975
-44726
-314180
-571369
-794138
-961981
-1057798
-1069463
-991076
-823790
-576112
-263655
91701
463169
820886
1134086
1373463
1513573
1535075
1426681
1186563
823226
355618
-187463
-768719
-1344365
-1866714
-2287151
-2559371
-2642546
-2504369
-2123620
-1492152
-616088
483809
1772708
3203200
4717552
6250735
7733961
9098499
10279602
11220226
11874363
12209733
12209733
11874363
11220226
10279602
9098499
7733961
6250735
4717552
3203200
1772708
483809
-616088
-1492152
-2123620
-2504369
-2642546
-2559371
-2287151
-1866714
-1344365
-768719
-187463
355618
823226
1186563
1426681
1535075
1513573
1373463
1134086
820886
463169
91701
-263655
-576112
-823790
-991076
-1069463
-1057798
-961981
-794138
-571369
-314180
-44726
214975
444757
627775
751669
809320
799166
725087
595850
424211
225742
17481
-183472
-361309
-502713
-597815
-640836
-630384
-569399
-464744
-326517
-167117
-177
160579
302427
414631
489220
521534
510480
458485
371190
256874
125708
-11135
-142402
-257677
-348182
-407434
-431684
-420136
-374908
-300764
-204653
-95067
18685
127260
222031
295766
343164
361219
349398
309601
245931
164297
71877
-23501
-114013
-192470
-252881
-290904
-304141
-292282
-257055
-202033
-132282
-53912
26455
102238
167423
217041
247535
257007
245323
214068
166371
106598
39967
-27905
-91469
-145691
-186450
-210837
-217366
-206040
-178316
-136941
-85683
-29005
28325
81630
126700
160120
179527
183766
172949
148410
112558
68648
20494
-27863
-72487
-109864
-137177
-152513
-154989
-144798
-123156
-92172
-54651
-13843
26832
64073
94959
117175
129185
130328
120850
101852
75177
43232
8780
-25301
-56250
-81651
-99615
-108916
-109075
-100369
-83789
-60935
-33867
-4919
23493
49078
69847
84269
91377
90833
82932
68558
49093
26286
2103
-21444
-42463
-59330
-70813
-76158
-75140
-68056
-55687
-39219
-20131
0
19318
36462
50052
59108
63050
61738
55462
44907
31081
15225
-1301
-17129
-30999
-41854
-48919
-51758
-50294
-44802
-35876
-24369
-11309
2183
14996
26114
34696
40141
42124
40616
35871
28400
18912
8258
-2652
-12922
-21742
-28452
-32590
-33921
-32449
-28404
-22219
-14481
-5882
2844
10983
17898
23078
26173
27018
25638
22239
17181
10945
4089
-2805
-9175
-14526
-18466
-20738
-21230
-19980
-17167
-13088
-8131
-2739
2631
7543
11620
14568
16199
16443
15344
13054
9816
5937
1764
-2351
-6075
-9126
-11288
-12429
-12507
-11568
-9740
-7216
-4236
-1067
2025
4793
7027
8575
9346
9320
8541
7113
5188
2949
596
-1673
-3679
-5272
-6348
-6847
-6763
-6137
-5051
-3621
-1985
-287
1329
2738
3837
4556
4860
4751
4265
3466
2439
1284
0
-1004
-1953
-2677
-3133
-3302
-3191
-2830
-2266
-1562
-784
0
715
1319
1766
2034
2113
2015
1761
1387
933
444
0
-467
-819
-1070
-1209
-1234
-1156
-992
-764
-499
-222
0
269
447
566
622
620
566
472
352
220
0
0
0
-190
-229
-241
-229
-199
-157
0
0
0
0
0
0
0
0
0
0
0
0
0
0
0
0
