0 
0 
0 
0 
0 
0 
0 
0 
0 
0 
0 
0 
0 
0 
0 
0 
0 
0 
0 
0 
0 
0 
0 
0 
0 
0 
0 
0 
0 
0 
0 
0 
0 
0 
0 
0 
0 
0 
0 
0 
0 
0 
0 
0 
0 
0 
0 
0 
0 
0 
0 
0 
0 
0 
0 
0 
0 
0 
0 
0 
0 
0 
0 
0 
0 
0 
0 
0 
0 
0 
0 
0 
0 
0 
2 
3 
4 
5 
0 
0 
0 
0 
0 
0 
0 
0 
0 
0 
0 
0 
0 
0 
0 
0 
0 
0 
0 
0 
0 
0 
0 
0 
0 
0 
0 
0 
0 
0 
0 
0 
0 
0 
0 
0 
0 
0 
0 
0 
0 
0 
0 
0 
0 
0 
0 
0 
0 
0 
0 
0 
0 
0 
0 
0 
0 
0 
0 
0 
0 
0 
0 
0 
0 
0 
0 
0 
0 
0 
0 
0 
281166913 
1108283391 
-354201541 
-240630103 
1589049827 
1053808297 
-1089072777 
1104443989 
-458521545 
-1200281379 
332243065 
551711255 
-223324961 
378795429 
1273245495 
1909975757 
376992543 
1036911551 
-1604841395 
-174719445 
1247916981 
1415403065 
-1144528011 
1076228949 
2072670809 
-1101434771 
-505159057 
942069239 
2108254189 
-52020977 
1856767537 
-540363845 
1960683895 
-2069823597 
1709886621 
438274993 
218898141 
-1765915171 
-1512277457 
769226093 
531390111 
1836591351 
-339105721 
71746291 
-1045896777 
914003303 
-1444497117 
1787067563 
538244399 
1072492829 
-590755915 
1129720323 
-840938113 
1090499363 
1397350443 
387731909 
1144809565 
-639118165 
54203139 
459090845 
-2116395403 
661590687 
-315647757 
-807243809 
454983883 
1872338261 
-836210511 
-1057072409 
2063717215 
-1260633839 
-399270771 
-1804934969 
-188026461 
935198357 
0 
0 
0 
0 
0 
0 
0 
0 
0 
0 
0 
0 
0 
0 
0 
0 
0 
0 
0 
0 
0 
0 
0 
0 
0 
0 
0 
0 
0 
0 
0 
0 
0 
0 
0 
0 
0 
0 
0 
0 
0 
0 
0 
0 
0 
0 
0 
0 
0 
0 
0 
0 
0 
0 
0 
0 
0 
0 
0 
0 
0 
0 
0 
0 
0 
0 
0 
0 
0 
0 
0 
0 
0 
0 
